0 0 16 
0 1 16 
0 2 16 
0 3 16 
0 4 16 
0 5 16 
0 6 16 
0 7 64 
0 8 16 
0 9 16 
0 10 16 
0 11 16 
0 12 16 
0 13 16 
1 0 16 
1 1 16 
1 2 16 
1 3 16 
1 4 16 
1 5 16 
1 6 16 
1 7 64 
1 8 16 
1 9 16 
1 10 16 
1 11 16 
1 12 16 
1 13 16 
2 0 16 
2 1 16 
2 2 16 
2 3 16 
2 4 16 
2 5 16 
2 6 64 
2 7 64 
2 8 16 
2 9 16 
2 10 16 
2 11 16 
2 12 16 
2 13 16 
3 0 16 
3 1 16 
3 2 16 
3 3 16 
3 4 16 
3 5 16 
3 6 64 
3 7 64 
3 8 16 
3 9 16 
3 10 16 
3 11 16 
3 12 16 
3 13 16 
4 0 16 
4 1 16 
4 2 16 
4 3 16 
4 4 16 
4 5 16 
4 6 64 
4 7 64 
4 8 16 
4 9 16 
4 10 16 
4 11 16 
4 12 16 
4 13 16 
5 0 16 
5 1 16 
5 2 16 
5 3 0 
5 4 0 
5 5 0 
5 6 64 
5 7 64 
5 8 0 
5 9 0 
5 10 0 
5 11 16 
5 12 16 
5 13 16 
6 0 16 
6 1 16 
6 2 0 
6 3 224 
6 4 224 
6 5 224 
6 6 64 
6 7 64 
6 8 224 
6 9 224 
6 10 224 
6 11 0 
6 12 16 
6 13 16 
7 0 16 
7 1 0 
7 2 224 
7 3 224 
7 4 224 
7 5 224 
7 6 64 
7 7 64 
7 8 224 
7 9 224 
7 10 224 
7 11 224 
7 12 0 
7 13 16 
8 0 0 
8 1 224 
8 2 224 
8 3 224 
8 4 224 
8 5 224 
8 6 64 
8 7 64 
8 8 224 
8 9 224 
8 10 224 
8 11 224 
8 12 224 
8 13 0 
9 0 0 
9 1 224 
9 2 224 
9 3 224 
9 4 224 
9 5 224 
9 6 64 
9 7 64 
9 8 224 
9 9 224 
9 10 224 
9 11 224 
9 12 224 
9 13 0 
10 0 0 
10 1 224 
10 2 224 
10 3 224 
10 4 224 
10 5 224 
10 6 64 
10 7 64 
10 8 224 
10 9 224 
10 10 224 
10 11 224 
10 12 224 
10 13 0 
11 0 0 
11 1 224 
11 2 224 
11 3 224 
11 4 224 
11 5 224 
11 6 64 
11 7 64 
11 8 224 
11 9 224 
11 10 224 
11 11 224 
11 12 224 
11 13 0 
12 0 0 
12 1 224 
12 2 224 
12 3 224 
12 4 224 
12 5 224 
12 6 64 
12 7 64 
12 8 224 
12 9 224 
12 10 224 
12 11 224 
12 12 224 
12 13 0 
13 0 0 
13 1 224 
13 2 224 
13 3 224 
13 4 224 
13 5 224 
13 6 64 
13 7 64 
13 8 224 
13 9 224 
13 10 224 
13 11 224 
13 12 224 
13 13 0 
14 0 0 
14 1 224 
14 2 224 
14 3 224 
14 4 224 
14 5 224 
14 6 64 
14 7 64 
14 8 224 
14 9 224 
14 10 224 
14 11 224 
14 12 224 
14 13 0 
15 0 0 
15 1 224 
15 2 224 
15 3 224 
15 4 224 
15 5 224 
15 6 64 
15 7 64 
15 8 224 
15 9 224 
15 10 224 
15 11 224 
15 12 224 
15 13 0 
16 0 16 
16 1 0 
16 2 224 
16 3 224 
16 4 224 
16 5 224 
16 6 64 
16 7 64 
16 8 224 
16 9 224 
16 10 224 
16 11 224 
16 12 0 
16 13 16 
17 0 16 
17 1 16 
17 2 0 
17 3 224 
17 4 224 
17 5 224 
17 6 64 
17 7 64 
17 8 224 
17 9 224 
17 10 224 
17 11 0 
17 12 16 
17 13 16 
18 0 16 
18 1 16 
18 2 16 
18 3 0 
18 4 0 
18 5 0 
18 6 64 
18 7 64 
18 8 0 
18 9 0 
18 10 0 
18 11 16 
18 12 16 
18 13 16 
19 0 16 
19 1 16 
19 2 16 
19 3 16 
19 4 16 
19 5 16 
19 6 64 
19 7 64 
19 8 16 
19 9 16 
19 10 16 
19 11 16 
19 12 16 
19 13 16 
20 0 16 
20 1 16 
20 2 16 
20 3 16 
20 4 16 
20 5 16 
20 6 64 
20 7 64 
20 8 16 
20 9 16 
20 10 16 
20 11 16 
20 12 16 
20 13 16 
21 0 16 
21 1 16 
21 2 16 
21 3 16 
21 4 16 
21 5 16 
21 6 64 
21 7 64 
21 8 16 
21 9 16 
21 10 16 
21 11 16 
21 12 16 
21 13 16 
22 0 16 
22 1 16 
22 2 16 
22 3 16 
22 4 16 
22 5 16 
22 6 16 
22 7 64 
22 8 16 
22 9 16 
22 10 16 
22 11 16 
22 12 16 
22 13 16 
23 0 16 
23 1 16 
23 2 16 
23 3 16 
23 4 16 
23 5 16 
23 6 16 
23 7 64 
23 8 16 
23 9 16 
23 10 16 
23 11 16 
23 12 16 
23 13 16 
