0 0 0 
0 1 0 
0 2 0 
0 3 0 
0 4 0 
0 5 0 
0 6 0 
0 7 0 
0 8 0 
0 9 0 
0 10 0 
0 11 0 
0 12 0 
0 13 0 
0 14 0 
0 15 0 
0 16 0 
0 17 0 
0 18 0 
0 19 0 
0 20 0 
0 21 0 
0 22 0 
0 23 0 
0 24 0 
0 25 0 
0 26 0 
0 27 0 
0 28 0 
0 29 0 
1 0 0 
1 1 0 
1 2 0 
1 3 0 
1 4 0 
1 5 0 
1 6 0 
1 7 0 
1 8 0 
1 9 0 
1 10 0 
1 11 0 
1 12 0 
1 13 0 
1 14 0 
1 15 0 
1 16 0 
1 17 0 
1 18 0 
1 19 0 
1 20 0 
1 21 0 
1 22 0 
1 23 0 
1 24 0 
1 25 112 
1 26 112 
1 27 112 
1 28 112 
1 29 0 
2 0 0 
2 1 0 
2 2 0 
2 3 0 
2 4 0 
2 5 0 
2 6 0 
2 7 0 
2 8 0 
2 9 0 
2 10 0 
2 11 0 
2 12 0 
2 13 0 
2 14 0 
2 15 0 
2 16 0 
2 17 0 
2 18 0 
2 19 0 
2 20 0 
2 21 0 
2 22 0 
2 23 0 
2 24 112 
2 25 112 
2 26 112 
2 27 112 
2 28 112 
2 29 0 
3 0 0 
3 1 0 
3 2 0 
3 3 0 
3 4 0 
3 5 0 
3 6 0 
3 7 0 
3 8 0 
3 9 0 
3 10 0 
3 11 0 
3 12 0 
3 13 0 
3 14 0 
3 15 0 
3 16 0 
3 17 0 
3 18 0 
3 19 0 
3 20 0 
3 21 0 
3 22 0 
3 23 112 
3 24 112 
3 25 112 
3 26 112 
3 27 112 
3 28 112 
3 29 0 
4 0 0 
4 1 0 
4 2 0 
4 3 0 
4 4 0 
4 5 0 
4 6 0 
4 7 0 
4 8 0 
4 9 0 
4 10 0 
4 11 0 
4 12 0 
4 13 0 
4 14 0 
4 15 0 
4 16 0 
4 17 0 
4 18 0 
4 19 0 
4 20 0 
4 21 112 
4 22 112 
4 23 112 
4 24 112 
4 25 112 
4 26 0 
4 27 112 
4 28 112 
4 29 0 
5 0 0 
5 1 0 
5 2 0 
5 3 0 
5 4 0 
5 5 0 
5 6 0 
5 7 0 
5 8 0 
5 9 0 
5 10 0 
5 11 0 
5 12 0 
5 13 0 
5 14 0 
5 15 0 
5 16 0 
5 17 0 
5 18 0 
5 19 0 
5 20 0 
5 21 0 
5 22 0 
5 23 112 
5 24 112 
5 25 0 
5 26 0 
5 27 0 
5 28 0 
5 29 0 
6 0 0 
6 1 0 
6 2 0 
6 3 0 
6 4 0 
6 5 0 
6 6 0 
6 7 0 
6 8 0 
6 9 0 
6 10 0 
6 11 0 
6 12 0 
6 13 0 
6 14 0 
6 15 0 
6 16 0 
6 17 0 
6 18 0 
6 19 0 
6 20 0 
6 21 0 
6 22 0 
6 23 112 
6 24 112 
6 25 0 
6 26 0 
6 27 0 
6 28 0 
6 29 0 
7 0 0 
7 1 0 
7 2 0 
7 3 0 
7 4 0 
7 5 0 
7 6 0 
7 7 0 
7 8 0 
7 9 0 
7 10 0 
7 11 0 
7 12 0 
7 13 0 
7 14 0 
7 15 0 
7 16 0 
7 17 0 
7 18 0 
7 19 0 
7 20 0 
7 21 0 
7 22 64 
7 23 112 
7 24 0 
7 25 0 
7 26 0 
7 27 0 
7 28 0 
7 29 0 
8 0 0 
8 1 0 
8 2 0 
8 3 0 
8 4 0 
8 5 0 
8 6 0 
8 7 0 
8 8 0 
8 9 0 
8 10 0 
8 11 0 
8 12 0 
8 13 0 
8 14 0 
8 15 0 
8 16 0 
8 17 0 
8 18 0 
8 19 0 
8 20 0 
8 21 0 
8 22 64 
8 23 0 
8 24 0 
8 25 0 
8 26 0 
8 27 0 
8 28 0 
8 29 0 
9 0 0 
9 1 0 
9 2 0 
9 3 0 
9 4 0 
9 5 0 
9 6 0 
9 7 0 
9 8 0 
9 9 0 
9 10 0 
9 11 0 
9 12 0 
9 13 0 
9 14 0 
9 15 0 
9 16 0 
9 17 0 
9 18 0 
9 19 0 
9 20 0 
9 21 64 
9 22 64 
9 23 0 
9 24 0 
9 25 0 
9 26 0 
9 27 0 
9 28 0 
9 29 0 
10 0 0 
10 1 0 
10 2 0 
10 3 0 
10 4 0 
10 5 0 
10 6 0 
10 7 0 
10 8 0 
10 9 0 
10 10 0 
10 11 0 
10 12 0 
10 13 0 
10 14 0 
10 15 0 
10 16 0 
10 17 0 
10 18 0 
10 19 0 
10 20 0 
10 21 64 
10 22 64 
10 23 112 
10 24 0 
10 25 0 
10 26 0 
10 27 0 
10 28 0 
10 29 0 
11 0 0 
11 1 0 
11 2 0 
11 3 0 
11 4 0 
11 5 0 
11 6 0 
11 7 0 
11 8 0 
11 9 0 
11 10 0 
11 11 0 
11 12 0 
11 13 0 
11 14 0 
11 15 0 
11 16 0 
11 17 0 
11 18 0 
11 19 0 
11 20 0 
11 21 64 
11 22 64 
11 23 112 
11 24 112 
11 25 0 
11 26 0 
11 27 0 
11 28 0 
11 29 0 
12 0 0 
12 1 0 
12 2 0 
12 3 0 
12 4 0 
12 5 0 
12 6 0 
12 7 0 
12 8 0 
12 9 0 
12 10 0 
12 11 0 
12 12 0 
12 13 0 
12 14 0 
12 15 0 
12 16 0 
12 17 0 
12 18 0 
12 19 0 
12 20 0 
12 21 0 
12 22 64 
12 23 112 
12 24 112 
12 25 112 
12 26 0 
12 27 0 
12 28 0 
12 29 0 
13 0 0 
13 1 0 
13 2 0 
13 3 0 
13 4 0 
13 5 0 
13 6 0 
13 7 0 
13 8 0 
13 9 0 
13 10 0 
13 11 0 
13 12 0 
13 13 0 
13 14 0 
13 15 0 
13 16 0 
13 17 0 
13 18 0 
13 19 0 
13 20 0 
13 21 0 
13 22 64 
13 23 112 
13 24 112 
13 25 112 
13 26 112 
13 27 112 
13 28 0 
13 29 0 
14 0 0 
14 1 0 
14 2 0 
14 3 0 
14 4 0 
14 5 0 
14 6 0 
14 7 0 
14 8 0 
14 9 0 
14 10 0 
14 11 0 
14 12 0 
14 13 0 
14 14 0 
14 15 0 
14 16 0 
14 17 0 
14 18 0 
14 19 0 
14 20 0 
14 21 0 
14 22 64 
14 23 112 
14 24 112 
14 25 112 
14 26 112 
14 27 112 
14 28 112 
14 29 0 
15 0 0 
15 1 0 
15 2 0 
15 3 0 
15 4 0 
15 5 0 
15 6 0 
15 7 0 
15 8 0 
15 9 0 
15 10 0 
15 11 0 
15 12 0 
15 13 0 
15 14 0 
15 15 0 
15 16 0 
15 17 0 
15 18 0 
15 19 0 
15 20 0 
15 21 0 
15 22 64 
15 23 112 
15 24 112 
15 25 112 
15 26 112 
15 27 112 
15 28 112 
15 29 0 
16 0 0 
16 1 0 
16 2 0 
16 3 0 
16 4 0 
16 5 0 
16 6 0 
16 7 0 
16 8 0 
16 9 0 
16 10 0 
16 11 0 
16 12 0 
16 13 0 
16 14 0 
16 15 0 
16 16 0 
16 17 0 
16 18 0 
16 19 0 
16 20 0 
16 21 0 
16 22 64 
16 23 0 
16 24 0 
16 25 112 
16 26 112 
16 27 112 
16 28 112 
16 29 0 
17 0 0 
17 1 0 
17 2 0 
17 3 0 
17 4 0 
17 5 0 
17 6 0 
17 7 0 
17 8 0 
17 9 0 
17 10 0 
17 11 0 
17 12 0 
17 13 0 
17 14 0 
17 15 0 
17 16 0 
17 17 0 
17 18 0 
17 19 0 
17 20 0 
17 21 0 
17 22 64 
17 23 0 
17 24 0 
17 25 0 
17 26 112 
17 27 112 
17 28 112 
17 29 0 
18 0 0 
18 1 0 
18 2 0 
18 3 0 
18 4 0 
18 5 0 
18 6 0 
18 7 0 
18 8 0 
18 9 0 
18 10 0 
18 11 0 
18 12 0 
18 13 0 
18 14 0 
18 15 0 
18 16 0 
18 17 0 
18 18 0 
18 19 0 
18 20 0 
18 21 0 
18 22 64 
18 23 0 
18 24 0 
18 25 0 
18 26 0 
18 27 0 
18 28 112 
18 29 0 
19 0 0 
19 1 0 
19 2 0 
19 3 0 
19 4 0 
19 5 0 
19 6 0 
19 7 0 
19 8 0 
19 9 0 
19 10 0 
19 11 0 
19 12 0 
19 13 0 
19 14 0 
19 15 0 
19 16 112 
19 17 0 
19 18 0 
19 19 112 
19 20 0 
19 21 0 
19 22 0 
19 23 0 
19 24 0 
19 25 0 
19 26 0 
19 27 0 
19 28 0 
19 29 0 
20 0 0 
20 1 0 
20 2 0 
20 3 0 
20 4 0 
20 5 0 
20 6 0 
20 7 0 
20 8 0 
20 9 0 
20 10 0 
20 11 0 
20 12 0 
20 13 0 
20 14 0 
20 15 112 
20 16 112 
20 17 112 
20 18 112 
20 19 112 
20 20 112 
20 21 0 
20 22 0 
20 23 0 
20 24 0 
20 25 0 
20 26 0 
20 27 0 
20 28 0 
20 29 0 
21 0 0 
21 1 0 
21 2 0 
21 3 0 
21 4 0 
21 5 0 
21 6 0 
21 7 0 
21 8 0 
21 9 0 
21 10 0 
21 11 0 
21 12 0 
21 13 0 
21 14 112 
21 15 112 
21 16 0 
21 17 112 
21 18 112 
21 19 112 
21 20 112 
21 21 112 
21 22 0 
21 23 0 
21 24 0 
21 25 112 
21 26 112 
21 27 112 
21 28 0 
21 29 0 
22 0 0 
22 1 0 
22 2 0 
22 3 0 
22 4 0 
22 5 0 
22 6 0 
22 7 0 
22 8 0 
22 9 0 
22 10 0 
22 11 0 
22 12 0 
22 13 112 
22 14 0 
22 15 0 
22 16 0 
22 17 0 
22 18 112 
22 19 112 
22 20 112 
22 21 112 
22 22 112 
22 23 112 
22 24 112 
22 25 112 
22 26 112 
22 27 112 
22 28 0 
22 29 0 
23 0 0 
23 1 0 
23 2 64 
23 3 64 
23 4 0 
23 5 0 
23 6 0 
23 7 0 
23 8 0 
23 9 0 
23 10 0 
23 11 0 
23 12 0 
23 13 0 
23 14 0 
23 15 0 
23 16 0 
23 17 0 
23 18 0 
23 19 112 
23 20 112 
23 21 112 
23 22 112 
23 23 112 
23 24 112 
23 25 112 
23 26 112 
23 27 112 
23 28 0 
23 29 0 
24 0 0 
24 1 0 
24 2 0 
24 3 64 
24 4 64 
24 5 0 
24 6 0 
24 7 0 
24 8 0 
24 9 0 
24 10 0 
24 11 0 
24 12 0 
24 13 0 
24 14 0 
24 15 0 
24 16 0 
24 17 0 
24 18 0 
24 19 112 
24 20 112 
24 21 112 
24 22 112 
24 23 112 
24 24 112 
24 25 112 
24 26 112 
24 27 112 
24 28 0 
24 29 0 
25 0 0 
25 1 0 
25 2 0 
25 3 0 
25 4 64 
25 5 64 
25 6 0 
25 7 0 
25 8 0 
25 9 0 
25 10 0 
25 11 0 
25 12 0 
25 13 0 
25 14 112 
25 15 112 
25 16 0 
25 17 0 
25 18 0 
25 19 112 
25 20 112 
25 21 112 
25 22 112 
25 23 112 
25 24 112 
25 25 112 
25 26 0 
25 27 112 
25 28 0 
25 29 0 
26 0 0 
26 1 0 
26 2 0 
26 3 0 
26 4 0 
26 5 64 
26 6 64 
26 7 0 
26 8 0 
26 9 0 
26 10 0 
26 11 0 
26 12 64 
26 13 64 
26 14 64 
26 15 112 
26 16 112 
26 17 112 
26 18 112 
26 19 112 
26 20 112 
26 21 112 
26 22 112 
26 23 112 
26 24 112 
26 25 0 
26 26 0 
26 27 0 
26 28 0 
26 29 0 
27 0 0 
27 1 0 
27 2 0 
27 3 0 
27 4 0 
27 5 0 
27 6 0 
27 7 0 
27 8 0 
27 9 0 
27 10 0 
27 11 0 
27 12 0 
27 13 0 
27 14 0 
27 15 0 
27 16 112 
27 17 112 
27 18 112 
27 19 112 
27 20 112 
27 21 112 
27 22 112 
27 23 112 
27 24 0 
27 25 0 
27 26 0 
27 27 0 
27 28 0 
27 29 0 
28 0 0 
28 1 0 
28 2 0 
28 3 0 
28 4 0 
28 5 0 
28 6 0 
28 7 0 
28 8 0 
28 9 0 
28 10 0 
28 11 0 
28 12 0 
28 13 0 
28 14 0 
28 15 112 
28 16 112 
28 17 112 
28 18 112 
28 19 112 
28 20 112 
28 21 112 
28 22 112 
28 23 112 
28 24 0 
28 25 0 
28 26 0 
28 27 0 
28 28 0 
28 29 0 
29 0 0 
29 1 0 
29 2 0 
29 3 0 
29 4 0 
29 5 0 
29 6 0 
29 7 0 
29 8 0 
29 9 0 
29 10 0 
29 11 0 
29 12 0 
29 13 0 
29 14 112 
29 15 112 
29 16 112 
29 17 112 
29 18 112 
29 19 112 
29 20 112 
29 21 112 
29 22 112 
29 23 112 
29 24 0 
29 25 0 
29 26 0 
29 27 0 
29 28 0 
29 29 0 
30 0 0 
30 1 0 
30 2 0 
30 3 0 
30 4 0 
30 5 0 
30 6 0 
30 7 0 
30 8 0 
30 9 64 
30 10 112 
30 11 0 
30 12 0 
30 13 0 
30 14 112 
30 15 0 
30 16 112 
30 17 112 
30 18 112 
30 19 112 
30 20 112 
30 21 112 
30 22 112 
30 23 0 
30 24 0 
30 25 0 
30 26 0 
30 27 0 
30 28 0 
30 29 0 
31 0 0 
31 1 0 
31 2 0 
31 3 0 
31 4 0 
31 5 0 
31 6 0 
31 7 64 
31 8 0 
31 9 64 
31 10 64 
31 11 0 
31 12 0 
31 13 0 
31 14 112 
31 15 112 
31 16 0 
31 17 0 
31 18 112 
31 19 112 
31 20 112 
31 21 112 
31 22 112 
31 23 112 
31 24 112 
31 25 112 
31 26 0 
31 27 0 
31 28 0 
31 29 0 
32 0 0 
32 1 0 
32 2 0 
32 3 0 
32 4 0 
32 5 0 
32 6 0 
32 7 0 
32 8 0 
32 9 0 
32 10 0 
32 11 0 
32 12 0 
32 13 0 
32 14 112 
32 15 112 
32 16 0 
32 17 0 
32 18 112 
32 19 112 
32 20 112 
32 21 112 
32 22 112 
32 23 112 
32 24 112 
32 25 112 
32 26 112 
32 27 112 
32 28 0 
32 29 0 
33 0 0 
33 1 0 
33 2 0 
33 3 0 
33 4 0 
33 5 0 
33 6 0 
33 7 0 
33 8 0 
33 9 0 
33 10 0 
33 11 112 
33 12 112 
33 13 112 
33 14 112 
33 15 112 
33 16 0 
33 17 0 
33 18 112 
33 19 112 
33 20 112 
33 21 112 
33 22 112 
33 23 112 
33 24 112 
33 25 112 
33 26 112 
33 27 112 
33 28 112 
33 29 0 
34 0 0 
34 1 0 
34 2 0 
34 3 0 
34 4 0 
34 5 0 
34 6 0 
34 7 0 
34 8 0 
34 9 0 
34 10 0 
34 11 0 
34 12 0 
34 13 112 
34 14 112 
34 15 112 
34 16 0 
34 17 0 
34 18 112 
34 19 112 
34 20 112 
34 21 0 
34 22 112 
34 23 112 
34 24 112 
34 25 112 
34 26 112 
34 27 112 
34 28 112 
34 29 0 
35 0 0 
35 1 0 
35 2 0 
35 3 0 
35 4 0 
35 5 0 
35 6 0 
35 7 0 
35 8 0 
35 9 64 
35 10 112 
35 11 0 
35 12 0 
35 13 112 
35 14 112 
35 15 112 
35 16 0 
35 17 0 
35 18 112 
35 19 112 
35 20 112 
35 21 0 
35 22 0 
35 23 0 
35 24 0 
35 25 0 
35 26 112 
35 27 112 
35 28 112 
35 29 0 
36 0 0 
36 1 0 
36 2 0 
36 3 0 
36 4 0 
36 5 0 
36 6 0 
36 7 64 
36 8 0 
36 9 64 
36 10 64 
36 11 0 
36 12 0 
36 13 0 
36 14 0 
36 15 0 
36 16 0 
36 17 0 
36 18 112 
36 19 112 
36 20 112 
36 21 0 
36 22 0 
36 23 0 
36 24 0 
36 25 0 
36 26 0 
36 27 112 
36 28 112 
36 29 0 
37 0 0 
37 1 0 
37 2 0 
37 3 0 
37 4 0 
37 5 0 
37 6 0 
37 7 0 
37 8 0 
37 9 0 
37 10 0 
37 11 0 
37 12 0 
37 13 0 
37 14 0 
37 15 0 
37 16 0 
37 17 0 
37 18 112 
37 19 0 
37 20 0 
37 21 0 
37 22 0 
37 23 0 
37 24 0 
37 25 0 
37 26 0 
37 27 0 
37 28 0 
37 29 0 
38 0 0 
38 1 0 
38 2 0 
38 3 64 
38 4 64 
38 5 64 
38 6 0 
38 7 0 
38 8 0 
38 9 0 
38 10 0 
38 11 0 
38 12 0 
38 13 0 
38 14 0 
38 15 0 
38 16 0 
38 17 112 
38 18 0 
38 19 0 
38 20 0 
38 21 0 
38 22 0 
38 23 0 
38 24 0 
38 25 0 
38 26 0 
38 27 0 
38 28 0 
38 29 0 
39 0 0 
39 1 0 
39 2 0 
39 3 0 
39 4 0 
39 5 0 
39 6 0 
39 7 0 
39 8 0 
39 9 0 
39 10 0 
39 11 0 
39 12 0 
39 13 0 
39 14 0 
39 15 0 
39 16 0 
39 17 0 
39 18 0 
39 19 0 
39 20 0 
39 21 0 
39 22 0 
39 23 0 
39 24 0 
39 25 0 
39 26 0 
39 27 0 
39 28 0 
39 29 0 
