0 0 16 
0 1 16 
0 2 0 
0 3 0 
0 4 0 
0 5 0 
0 6 0 
0 7 0 
0 8 0 
0 9 16 
0 10 16 
1 0 16 
1 1 0 
1 2 0 
1 3 128 
1 4 128 
1 5 128 
1 6 128 
1 7 128 
1 8 0 
1 9 0 
1 10 16 
2 0 0 
2 1 128 
2 2 128 
2 3 128 
2 4 128 
2 5 128 
2 6 128 
2 7 0 
2 8 128 
2 9 128 
2 10 0 
3 0 0 
3 1 128 
3 2 128 
3 3 0 
3 4 0 
3 5 128 
3 6 128 
3 7 128 
3 8 128 
3 9 128 
3 10 0 
4 0 0 
4 1 128 
4 2 128 
4 3 0 
4 4 0 
4 5 128 
4 6 0 
4 7 128 
4 8 128 
4 9 128 
4 10 0 
5 0 0 
5 1 128 
5 2 128 
5 3 128 
5 4 128 
5 5 128 
5 6 128 
5 7 128 
5 8 128 
5 9 128 
5 10 0 
6 0 0 
6 1 128 
6 2 128 
6 3 128 
6 4 128 
6 5 128 
6 6 128 
6 7 0 
6 8 0 
6 9 128 
6 10 0 
7 0 0 
7 1 128 
7 2 0 
7 3 128 
7 4 128 
7 5 128 
7 6 128 
7 7 0 
7 8 0 
7 9 128 
7 10 0 
8 0 0 
8 1 128 
8 2 128 
8 3 128 
8 4 128 
8 5 128 
8 6 128 
8 7 128 
8 8 128 
8 9 128 
8 10 0 
9 0 0 
9 1 0 
9 2 128 
9 3 128 
9 4 0 
9 5 128 
9 6 128 
9 7 0 
9 8 128 
9 9 128 
9 10 0 
10 0 16 
10 1 0 
10 2 0 
10 3 128 
10 4 128 
10 5 128 
10 6 128 
10 7 128 
10 8 0 
10 9 0 
10 10 16 
11 0 16 
11 1 16 
11 2 0 
11 3 0 
11 4 0 
11 5 0 
11 6 0 
11 7 0 
11 8 0 
11 9 16 
11 10 16 
