0 0 112 
0 1 112 
0 2 112 
0 3 112 
0 4 112 
0 5 112 
0 6 112 
0 7 112 
0 8 112 
0 9 112 
0 10 112 
0 11 112 
0 12 112 
0 13 112 
0 14 112 
0 15 112 
0 16 112 
0 17 0 
0 18 0 
0 19 0 
0 20 112 
0 21 112 
0 22 112 
0 23 112 
0 24 112 
0 25 112 
0 26 112 
0 27 112 
0 28 112 
0 29 112 
0 30 112 
0 31 112 
0 32 112 
0 33 112 
0 34 112 
0 35 112 
0 36 112 
0 37 112 
0 38 112 
0 39 112 
0 40 112 
0 41 112 
0 42 112 
0 43 112 
0 44 112 
0 45 112 
0 46 112 
0 47 112 
1 0 112 
1 1 112 
1 2 112 
1 3 112 
1 4 112 
1 5 112 
1 6 112 
1 7 112 
1 8 112 
1 9 112 
1 10 112 
1 11 112 
1 12 112 
1 13 112 
1 14 112 
1 15 112 
1 16 112 
1 17 0 
1 18 0 
1 19 0 
1 20 112 
1 21 112 
1 22 112 
1 23 112 
1 24 112 
1 25 112 
1 26 112 
1 27 112 
1 28 112 
1 29 112 
1 30 112 
1 31 112 
1 32 112 
1 33 112 
1 34 112 
1 35 112 
1 36 112 
1 37 112 
1 38 112 
1 39 112 
1 40 112 
1 41 112 
1 42 112 
1 43 112 
1 44 112 
1 45 112 
1 46 112 
1 47 112 
2 0 112 
2 1 112 
2 2 112 
2 3 112 
2 4 112 
2 5 112 
2 6 112 
2 7 112 
2 8 112 
2 9 112 
2 10 112 
2 11 112 
2 12 112 
2 13 112 
2 14 112 
2 15 112 
2 16 112 
2 17 0 
2 18 0 
2 19 0 
2 20 0 
2 21 0 
2 22 0 
2 23 0 
2 24 0 
2 25 0 
2 26 112 
2 27 112 
2 28 112 
2 29 112 
2 30 112 
2 31 112 
2 32 112 
2 33 112 
2 34 112 
2 35 112 
2 36 112 
2 37 112 
2 38 112 
2 39 0 
2 40 0 
2 41 0 
2 42 0 
2 43 112 
2 44 112 
2 45 112 
2 46 112 
2 47 112 
3 0 112 
3 1 112 
3 2 112 
3 3 112 
3 4 112 
3 5 112 
3 6 112 
3 7 112 
3 8 112 
3 9 112 
3 10 112 
3 11 112 
3 12 112 
3 13 112 
3 14 112 
3 15 112 
3 16 112 
3 17 112 
3 18 112 
3 19 0 
3 20 0 
3 21 0 
3 22 0 
3 23 0 
3 24 0 
3 25 0 
3 26 112 
3 27 112 
3 28 112 
3 29 112 
3 30 112 
3 31 112 
3 32 112 
3 33 112 
3 34 112 
3 35 112 
3 36 112 
3 37 112 
3 38 112 
3 39 0 
3 40 0 
3 41 0 
3 42 0 
3 43 112 
3 44 112 
3 45 112 
3 46 112 
3 47 112 
4 0 112 
4 1 112 
4 2 112 
4 3 112 
4 4 112 
4 5 112 
4 6 112 
4 7 112 
4 8 112 
4 9 112 
4 10 112 
4 11 112 
4 12 112 
4 13 112 
4 14 112 
4 15 112 
4 16 112 
4 17 112 
4 18 112 
4 19 0 
4 20 0 
4 21 0 
4 22 0 
4 23 0 
4 24 0 
4 25 0 
4 26 112 
4 27 112 
4 28 112 
4 29 112 
4 30 112 
4 31 112 
4 32 112 
4 33 112 
4 34 112 
4 35 112 
4 36 112 
4 37 112 
4 38 112 
4 39 0 
4 40 0 
4 41 0 
4 42 0 
4 43 112 
4 44 112 
4 45 112 
4 46 112 
4 47 112 
5 0 112 
5 1 112 
5 2 112 
5 3 112 
5 4 112 
5 5 112 
5 6 112 
5 7 112 
5 8 112 
5 9 112 
5 10 112 
5 11 112 
5 12 112 
5 13 112 
5 14 112 
5 15 112 
5 16 112 
5 17 112 
5 18 112 
5 19 0 
5 20 0 
5 21 0 
5 22 16 
5 23 16 
5 24 16 
5 25 0 
5 26 0 
5 27 0 
5 28 0 
5 29 0 
5 30 0 
5 31 112 
5 32 112 
5 33 112 
5 34 112 
5 35 112 
5 36 0 
5 37 0 
5 38 0 
5 39 0 
5 40 0 
5 41 0 
5 42 0 
5 43 112 
5 44 112 
5 45 112 
5 46 112 
5 47 112 
6 0 112 
6 1 112 
6 2 112 
6 3 112 
6 4 112 
6 5 112 
6 6 112 
6 7 112 
6 8 112 
6 9 112 
6 10 112 
6 11 112 
6 12 112 
6 13 112 
6 14 112 
6 15 112 
6 16 112 
6 17 112 
6 18 112 
6 19 0 
6 20 0 
6 21 0 
6 22 16 
6 23 16 
6 24 16 
6 25 0 
6 26 0 
6 27 0 
6 28 0 
6 29 0 
6 30 0 
6 31 112 
6 32 112 
6 33 112 
6 34 112 
6 35 112 
6 36 0 
6 37 0 
6 38 0 
6 39 0 
6 40 0 
6 41 0 
6 42 0 
6 43 112 
6 44 112 
6 45 112 
6 46 112 
6 47 112 
7 0 112 
7 1 112 
7 2 112 
7 3 112 
7 4 112 
7 5 112 
7 6 112 
7 7 112 
7 8 112 
7 9 112 
7 10 112 
7 11 112 
7 12 112 
7 13 112 
7 14 112 
7 15 112 
7 16 112 
7 17 112 
7 18 112 
7 19 0 
7 20 0 
7 21 0 
7 22 16 
7 23 16 
7 24 16 
7 25 16 
7 26 0 
7 27 0 
7 28 0 
7 29 0 
7 30 0 
7 31 112 
7 32 112 
7 33 112 
7 34 112 
7 35 112 
7 36 0 
7 37 0 
7 38 0 
7 39 0 
7 40 0 
7 41 0 
7 42 0 
7 43 112 
7 44 112 
7 45 112 
7 46 112 
7 47 112 
8 0 112 
8 1 112 
8 2 112 
8 3 112 
8 4 112 
8 5 112 
8 6 112 
8 7 112 
8 8 112 
8 9 112 
8 10 112 
8 11 112 
8 12 112 
8 13 112 
8 14 112 
8 15 112 
8 16 112 
8 17 112 
8 18 112 
8 19 0 
8 20 0 
8 21 0 
8 22 0 
8 23 0 
8 24 0 
8 25 16 
8 26 16 
8 27 16 
8 28 16 
8 29 16 
8 30 16 
8 31 0 
8 32 0 
8 33 0 
8 34 0 
8 35 0 
8 36 0 
8 37 16 
8 38 16 
8 39 16 
8 40 0 
8 41 0 
8 42 0 
8 43 112 
8 44 112 
8 45 112 
8 46 112 
8 47 112 
9 0 112 
9 1 112 
9 2 112 
9 3 112 
9 4 112 
9 5 112 
9 6 112 
9 7 112 
9 8 112 
9 9 112 
9 10 112 
9 11 112 
9 12 112 
9 13 112 
9 14 112 
9 15 112 
9 16 112 
9 17 112 
9 18 112 
9 19 112 
9 20 112 
9 21 112 
9 22 0 
9 23 0 
9 24 0 
9 25 16 
9 26 16 
9 27 16 
9 28 16 
9 29 16 
9 30 16 
9 31 0 
9 32 0 
9 33 0 
9 34 0 
9 35 0 
9 36 16 
9 37 16 
9 38 16 
9 39 16 
9 40 0 
9 41 0 
9 42 0 
9 43 112 
9 44 112 
9 45 112 
9 46 112 
9 47 112 
10 0 112 
10 1 112 
10 2 112 
10 3 112 
10 4 112 
10 5 112 
10 6 112 
10 7 112 
10 8 112 
10 9 112 
10 10 112 
10 11 112 
10 12 112 
10 13 112 
10 14 112 
10 15 112 
10 16 112 
10 17 112 
10 18 112 
10 19 112 
10 20 112 
10 21 112 
10 22 0 
10 23 0 
10 24 0 
10 25 16 
10 26 16 
10 27 16 
10 28 16 
10 29 16 
10 30 16 
10 31 0 
10 32 0 
10 33 0 
10 34 0 
10 35 0 
10 36 16 
10 37 16 
10 38 16 
10 39 0 
10 40 0 
10 41 0 
10 42 0 
10 43 112 
10 44 112 
10 45 112 
10 46 112 
10 47 112 
11 0 112 
11 1 112 
11 2 112 
11 3 112 
11 4 112 
11 5 112 
11 6 112 
11 7 112 
11 8 112 
11 9 112 
11 10 112 
11 11 112 
11 12 112 
11 13 112 
11 14 112 
11 15 112 
11 16 112 
11 17 112 
11 18 112 
11 19 112 
11 20 112 
11 21 112 
11 22 112 
11 23 112 
11 24 112 
11 25 0 
11 26 0 
11 27 0 
11 28 16 
11 29 16 
11 30 16 
11 31 16 
11 32 16 
11 33 16 
11 34 16 
11 35 16 
11 36 16 
11 37 0 
11 38 0 
11 39 0 
11 40 112 
11 41 112 
11 42 112 
11 43 112 
11 44 112 
11 45 112 
11 46 112 
11 47 112 
12 0 112 
12 1 112 
12 2 112 
12 3 112 
12 4 112 
12 5 112 
12 6 112 
12 7 112 
12 8 112 
12 9 112 
12 10 112 
12 11 112 
12 12 112 
12 13 112 
12 14 112 
12 15 112 
12 16 112 
12 17 112 
12 18 112 
12 19 112 
12 20 112 
12 21 112 
12 22 112 
12 23 112 
12 24 112 
12 25 0 
12 26 0 
12 27 0 
12 28 16 
12 29 16 
12 30 16 
12 31 16 
12 32 16 
12 33 16 
12 34 16 
12 35 16 
12 36 16 
12 37 0 
12 38 0 
12 39 0 
12 40 112 
12 41 112 
12 42 112 
12 43 112 
12 44 112 
12 45 112 
12 46 112 
12 47 112 
13 0 112 
13 1 112 
13 2 112 
13 3 112 
13 4 112 
13 5 112 
13 6 112 
13 7 112 
13 8 112 
13 9 112 
13 10 112 
13 11 112 
13 12 112 
13 13 112 
13 14 112 
13 15 112 
13 16 112 
13 17 112 
13 18 112 
13 19 112 
13 20 112 
13 21 112 
13 22 112 
13 23 112 
13 24 112 
13 25 0 
13 26 0 
13 27 0 
13 28 0 
13 29 16 
13 30 16 
13 31 16 
13 32 16 
13 33 16 
13 34 16 
13 35 16 
13 36 0 
13 37 0 
13 38 0 
13 39 0 
13 40 112 
13 41 112 
13 42 112 
13 43 112 
13 44 112 
13 45 112 
13 46 112 
13 47 112 
14 0 112 
14 1 112 
14 2 112 
14 3 112 
14 4 112 
14 5 112 
14 6 112 
14 7 112 
14 8 112 
14 9 112 
14 10 112 
14 11 112 
14 12 112 
14 13 112 
14 14 112 
14 15 112 
14 16 112 
14 17 112 
14 18 112 
14 19 112 
14 20 112 
14 21 112 
14 22 112 
14 23 112 
14 24 112 
14 25 112 
14 26 112 
14 27 112 
14 28 0 
14 29 0 
14 30 0 
14 31 16 
14 32 16 
14 33 16 
14 34 0 
14 35 0 
14 36 0 
14 37 112 
14 38 112 
14 39 112 
14 40 112 
14 41 112 
14 42 112 
14 43 112 
14 44 112 
14 45 112 
14 46 112 
14 47 112 
15 0 112 
15 1 112 
15 2 112 
15 3 112 
15 4 112 
15 5 112 
15 6 112 
15 7 112 
15 8 112 
15 9 112 
15 10 112 
15 11 112 
15 12 112 
15 13 112 
15 14 112 
15 15 112 
15 16 112 
15 17 112 
15 18 112 
15 19 112 
15 20 112 
15 21 112 
15 22 112 
15 23 112 
15 24 112 
15 25 112 
15 26 112 
15 27 112 
15 28 0 
15 29 0 
15 30 0 
15 31 16 
15 32 16 
15 33 16 
15 34 0 
15 35 0 
15 36 0 
15 37 112 
15 38 112 
15 39 112 
15 40 112 
15 41 112 
15 42 112 
15 43 112 
15 44 112 
15 45 112 
15 46 112 
15 47 112 
16 0 112 
16 1 112 
16 2 112 
16 3 112 
16 4 112 
16 5 112 
16 6 112 
16 7 112 
16 8 112 
16 9 112 
16 10 112 
16 11 112 
16 12 112 
16 13 112 
16 14 112 
16 15 112 
16 16 112 
16 17 112 
16 18 112 
16 19 112 
16 20 112 
16 21 112 
16 22 112 
16 23 112 
16 24 112 
16 25 112 
16 26 112 
16 27 112 
16 28 0 
16 29 0 
16 30 0 
16 31 16 
16 32 16 
16 33 16 
16 34 0 
16 35 0 
16 36 0 
16 37 112 
16 38 112 
16 39 112 
16 40 112 
16 41 112 
16 42 112 
16 43 112 
16 44 112 
16 45 112 
16 46 112 
16 47 112 
17 0 112 
17 1 112 
17 2 112 
17 3 112 
17 4 112 
17 5 112 
17 6 112 
17 7 112 
17 8 112 
17 9 112 
17 10 112 
17 11 112 
17 12 112 
17 13 112 
17 14 112 
17 15 112 
17 16 112 
17 17 112 
17 18 112 
17 19 112 
17 20 112 
17 21 112 
17 22 112 
17 23 112 
17 24 112 
17 25 112 
17 26 112 
17 27 112 
17 28 0 
17 29 0 
17 30 0 
17 31 16 
17 32 16 
17 33 16 
17 34 0 
17 35 0 
17 36 0 
17 37 112 
17 38 112 
17 39 112 
17 40 112 
17 41 112 
17 42 112 
17 43 112 
17 44 112 
17 45 112 
17 46 112 
17 47 112 
18 0 112 
18 1 112 
18 2 112 
18 3 112 
18 4 112 
18 5 112 
18 6 112 
18 7 112 
18 8 112 
18 9 112 
18 10 112 
18 11 112 
18 12 112 
18 13 112 
18 14 112 
18 15 112 
18 16 112 
18 17 112 
18 18 112 
18 19 112 
18 20 112 
18 21 112 
18 22 112 
18 23 112 
18 24 112 
18 25 112 
18 26 112 
18 27 112 
18 28 0 
18 29 0 
18 30 0 
18 31 16 
18 32 16 
18 33 16 
18 34 0 
18 35 0 
18 36 0 
18 37 112 
18 38 112 
18 39 112 
18 40 112 
18 41 112 
18 42 112 
18 43 112 
18 44 112 
18 45 112 
18 46 112 
18 47 112 
19 0 112 
19 1 112 
19 2 112 
19 3 112 
19 4 112 
19 5 112 
19 6 112 
19 7 112 
19 8 112 
19 9 112 
19 10 112 
19 11 112 
19 12 112 
19 13 112 
19 14 112 
19 15 112 
19 16 112 
19 17 112 
19 18 112 
19 19 0 
19 20 0 
19 21 0 
19 22 0 
19 23 0 
19 24 0 
19 25 0 
19 26 0 
19 27 0 
19 28 16 
19 29 16 
19 30 16 
19 31 16 
19 32 16 
19 33 16 
19 34 0 
19 35 0 
19 36 0 
19 37 112 
19 38 112 
19 39 112 
19 40 112 
19 41 112 
19 42 112 
19 43 112 
19 44 112 
19 45 112 
19 46 112 
19 47 112 
20 0 112 
20 1 112 
20 2 112 
20 3 112 
20 4 112 
20 5 112 
20 6 112 
20 7 112 
20 8 112 
20 9 112 
20 10 112 
20 11 112 
20 12 112 
20 13 112 
20 14 112 
20 15 112 
20 16 112 
20 17 112 
20 18 112 
20 19 0 
20 20 0 
20 21 0 
20 22 0 
20 23 0 
20 24 0 
20 25 0 
20 26 0 
20 27 0 
20 28 16 
20 29 16 
20 30 16 
20 31 16 
20 32 16 
20 33 16 
20 34 0 
20 35 0 
20 36 0 
20 37 112 
20 38 112 
20 39 112 
20 40 112 
20 41 112 
20 42 112 
20 43 112 
20 44 112 
20 45 112 
20 46 112 
20 47 112 
21 0 112 
21 1 112 
21 2 112 
21 3 112 
21 4 112 
21 5 112 
21 6 112 
21 7 112 
21 8 112 
21 9 112 
21 10 112 
21 11 112 
21 12 112 
21 13 112 
21 14 112 
21 15 112 
21 16 112 
21 17 112 
21 18 112 
21 19 0 
21 20 0 
21 21 0 
21 22 0 
21 23 0 
21 24 0 
21 25 0 
21 26 0 
21 27 0 
21 28 16 
21 29 16 
21 30 16 
21 31 16 
21 32 16 
21 33 16 
21 34 0 
21 35 0 
21 36 0 
21 37 0 
21 38 0 
21 39 0 
21 40 112 
21 41 112 
21 42 112 
21 43 112 
21 44 112 
21 45 112 
21 46 112 
21 47 112 
22 0 112 
22 1 112 
22 2 112 
22 3 112 
22 4 112 
22 5 112 
22 6 112 
22 7 112 
22 8 112 
22 9 112 
22 10 112 
22 11 112 
22 12 112 
22 13 112 
22 14 112 
22 15 112 
22 16 112 
22 17 112 
22 18 112 
22 19 0 
22 20 0 
22 21 0 
22 22 0 
22 23 0 
22 24 0 
22 25 16 
22 26 16 
22 27 16 
22 28 16 
22 29 16 
22 30 16 
22 31 16 
22 32 16 
22 33 16 
22 34 16 
22 35 16 
22 36 16 
22 37 0 
22 38 0 
22 39 0 
22 40 112 
22 41 112 
22 42 112 
22 43 112 
22 44 112 
22 45 112 
22 46 112 
22 47 112 
23 0 112 
23 1 112 
23 2 112 
23 3 112 
23 4 112 
23 5 112 
23 6 112 
23 7 112 
23 8 112 
23 9 112 
23 10 112 
23 11 112 
23 12 112 
23 13 112 
23 14 112 
23 15 112 
23 16 112 
23 17 112 
23 18 112 
23 19 112 
23 20 112 
23 21 112 
23 22 0 
23 23 0 
23 24 0 
23 25 16 
23 26 16 
23 27 16 
23 28 16 
23 29 16 
23 30 16 
23 31 16 
23 32 16 
23 33 16 
23 34 16 
23 35 16 
23 36 16 
23 37 0 
23 38 0 
23 39 0 
23 40 112 
23 41 112 
23 42 112 
23 43 112 
23 44 112 
23 45 112 
23 46 112 
23 47 112 
24 0 112 
24 1 112 
24 2 112 
24 3 112 
24 4 112 
24 5 112 
24 6 112 
24 7 112 
24 8 112 
24 9 112 
24 10 112 
24 11 112 
24 12 112 
24 13 112 
24 14 112 
24 15 112 
24 16 112 
24 17 112 
24 18 112 
24 19 112 
24 20 112 
24 21 112 
24 22 0 
24 23 0 
24 24 0 
24 25 16 
24 26 16 
24 27 16 
24 28 16 
24 29 16 
24 30 16 
24 31 16 
24 32 16 
24 33 16 
24 34 16 
24 35 16 
24 36 16 
24 37 0 
24 38 0 
24 39 0 
24 40 112 
24 41 112 
24 42 0 
24 43 0 
24 44 0 
24 45 0 
24 46 112 
24 47 112 
25 0 112 
25 1 112 
25 2 112 
25 3 112 
25 4 112 
25 5 112 
25 6 112 
25 7 112 
25 8 112 
25 9 112 
25 10 112 
25 11 112 
25 12 112 
25 13 112 
25 14 112 
25 15 112 
25 16 112 
25 17 112 
25 18 112 
25 19 112 
25 20 112 
25 21 112 
25 22 0 
25 23 0 
25 24 0 
25 25 16 
25 26 16 
25 27 16 
25 28 16 
25 29 16 
25 30 16 
25 31 16 
25 32 16 
25 33 16 
25 34 16 
25 35 16 
25 36 16 
25 37 0 
25 38 0 
25 39 0 
25 40 112 
25 41 112 
25 42 0 
25 43 0 
25 44 0 
25 45 0 
25 46 112 
25 47 112 
26 0 112 
26 1 112 
26 2 112 
26 3 112 
26 4 112 
26 5 112 
26 6 112 
26 7 112 
26 8 112 
26 9 112 
26 10 112 
26 11 112 
26 12 112 
26 13 112 
26 14 112 
26 15 112 
26 16 112 
26 17 112 
26 18 112 
26 19 112 
26 20 112 
26 21 112 
26 22 0 
26 23 0 
26 24 0 
26 25 16 
26 26 16 
26 27 16 
26 28 16 
26 29 16 
26 30 16 
26 31 16 
26 32 16 
26 33 16 
26 34 16 
26 35 16 
26 36 16 
26 37 0 
26 38 0 
26 39 0 
26 40 112 
26 41 112 
26 42 0 
26 43 0 
26 44 0 
26 45 0 
26 46 0 
26 47 0 
27 0 112 
27 1 112 
27 2 112 
27 3 112 
27 4 112 
27 5 112 
27 6 112 
27 7 112 
27 8 112 
27 9 112 
27 10 112 
27 11 112 
27 12 112 
27 13 112 
27 14 112 
27 15 112 
27 16 112 
27 17 112 
27 18 112 
27 19 0 
27 20 0 
27 21 0 
27 22 0 
27 23 0 
27 24 0 
27 25 16 
27 26 16 
27 27 16 
27 28 16 
27 29 16 
27 30 16 
27 31 16 
27 32 16 
27 33 16 
27 34 16 
27 35 16 
27 36 16 
27 37 0 
27 38 0 
27 39 0 
27 40 0 
27 41 0 
27 42 0 
27 43 0 
27 44 0 
27 45 0 
27 46 0 
27 47 0 
28 0 112 
28 1 112 
28 2 112 
28 3 112 
28 4 112 
28 5 112 
28 6 112 
28 7 112 
28 8 112 
28 9 112 
28 10 112 
28 11 112 
28 12 112 
28 13 112 
28 14 112 
28 15 112 
28 16 112 
28 17 112 
28 18 112 
28 19 0 
28 20 0 
28 21 0 
28 22 16 
28 23 16 
28 24 16 
28 25 16 
28 26 16 
28 27 16 
28 28 16 
28 29 16 
28 30 16 
28 31 16 
28 32 16 
28 33 16 
28 34 16 
28 35 16 
28 36 16 
28 37 16 
28 38 16 
28 39 0 
28 40 0 
28 41 0 
28 42 16 
28 43 16 
28 44 16 
28 45 0 
28 46 0 
28 47 0 
29 0 112 
29 1 112 
29 2 112 
29 3 112 
29 4 112 
29 5 112 
29 6 112 
29 7 112 
29 8 112 
29 9 112 
29 10 112 
29 11 112 
29 12 112 
29 13 112 
29 14 112 
29 15 112 
29 16 112 
29 17 112 
29 18 112 
29 19 0 
29 20 0 
29 21 0 
29 22 16 
29 23 16 
29 24 16 
29 25 16 
29 26 16 
29 27 16 
29 28 16 
29 29 16 
29 30 16 
29 31 16 
29 32 16 
29 33 16 
29 34 16 
29 35 16 
29 36 16 
29 37 16 
29 38 16 
29 39 0 
29 40 0 
29 41 0 
29 42 16 
29 43 16 
29 44 16 
29 45 0 
29 46 0 
29 47 0 
30 0 112 
30 1 112 
30 2 112 
30 3 112 
30 4 112 
30 5 112 
30 6 112 
30 7 112 
30 8 112 
30 9 112 
30 10 112 
30 11 112 
30 12 112 
30 13 112 
30 14 112 
30 15 112 
30 16 112 
30 17 112 
30 18 112 
30 19 0 
30 20 0 
30 21 0 
30 22 16 
30 23 16 
30 24 16 
30 25 16 
30 26 16 
30 27 16 
30 28 16 
30 29 16 
30 30 16 
30 31 16 
30 32 16 
30 33 16 
30 34 16 
30 35 16 
30 36 16 
30 37 16 
30 38 16 
30 39 16 
30 40 0 
30 41 0 
30 42 16 
30 43 16 
30 44 16 
30 45 0 
30 46 0 
30 47 0 
31 0 112 
31 1 112 
31 2 112 
31 3 112 
31 4 112 
31 5 112 
31 6 112 
31 7 112 
31 8 112 
31 9 112 
31 10 112 
31 11 112 
31 12 112 
31 13 112 
31 14 112 
31 15 112 
31 16 112 
31 17 112 
31 18 112 
31 19 0 
31 20 0 
31 21 0 
31 22 16 
31 23 16 
31 24 16 
31 25 16 
31 26 16 
31 27 16 
31 28 16 
31 29 16 
31 30 16 
31 31 16 
31 32 16 
31 33 16 
31 34 16 
31 35 16 
31 36 16 
31 37 16 
31 38 16 
31 39 16 
31 40 16 
31 41 16 
31 42 16 
31 43 16 
31 44 16 
31 45 0 
31 46 0 
31 47 0 
32 0 112 
32 1 112 
32 2 112 
32 3 112 
32 4 112 
32 5 112 
32 6 112 
32 7 112 
32 8 112 
32 9 112 
32 10 112 
32 11 112 
32 12 112 
32 13 112 
32 14 112 
32 15 112 
32 16 112 
32 17 112 
32 18 112 
32 19 0 
32 20 0 
32 21 0 
32 22 16 
32 23 16 
32 24 16 
32 25 16 
32 26 16 
32 27 16 
32 28 16 
32 29 16 
32 30 16 
32 31 16 
32 32 16 
32 33 16 
32 34 16 
32 35 16 
32 36 16 
32 37 16 
32 38 16 
32 39 16 
32 40 16 
32 41 16 
32 42 16 
32 43 16 
32 44 16 
32 45 0 
32 46 0 
32 47 0 
33 0 112 
33 1 112 
33 2 112 
33 3 112 
33 4 112 
33 5 112 
33 6 112 
33 7 112 
33 8 112 
33 9 112 
33 10 112 
33 11 112 
33 12 112 
33 13 112 
33 14 112 
33 15 112 
33 16 0 
33 17 0 
33 18 0 
33 19 0 
33 20 16 
33 21 16 
33 22 16 
33 23 16 
33 24 16 
33 25 16 
33 26 16 
33 27 16 
33 28 16 
33 29 16 
33 30 16 
33 31 16 
33 32 16 
33 33 16 
33 34 16 
33 35 16 
33 36 16 
33 37 16 
33 38 16 
33 39 16 
33 40 16 
33 41 16 
33 42 16 
33 43 16 
33 44 16 
33 45 0 
33 46 0 
33 47 0 
34 0 112 
34 1 112 
34 2 112 
34 3 112 
34 4 112 
34 5 112 
34 6 112 
34 7 112 
34 8 112 
34 9 112 
34 10 112 
34 11 112 
34 12 112 
34 13 112 
34 14 112 
34 15 112 
34 16 0 
34 17 0 
34 18 0 
34 19 16 
34 20 16 
34 21 16 
34 22 16 
34 23 16 
34 24 16 
34 25 16 
34 26 16 
34 27 16 
34 28 16 
34 29 16 
34 30 16 
34 31 16 
34 32 16 
34 33 16 
34 34 16 
34 35 16 
34 36 16 
34 37 16 
34 38 16 
34 39 16 
34 40 16 
34 41 16 
34 42 16 
34 43 16 
34 44 16 
34 45 0 
34 46 0 
34 47 0 
35 0 112 
35 1 112 
35 2 112 
35 3 112 
35 4 112 
35 5 112 
35 6 112 
35 7 112 
35 8 112 
35 9 112 
35 10 112 
35 11 112 
35 12 112 
35 13 112 
35 14 112 
35 15 112 
35 16 0 
35 17 0 
35 18 0 
35 19 16 
35 20 16 
35 21 16 
35 22 16 
35 23 16 
35 24 16 
35 25 16 
35 26 16 
35 27 16 
35 28 16 
35 29 16 
35 30 16 
35 31 16 
35 32 16 
35 33 16 
35 34 16 
35 35 16 
35 36 16 
35 37 16 
35 38 16 
35 39 16 
35 40 16 
35 41 16 
35 42 16 
35 43 16 
35 44 16 
35 45 0 
35 46 0 
35 47 0 
36 0 112 
36 1 112 
36 2 112 
36 3 112 
36 4 112 
36 5 112 
36 6 112 
36 7 112 
36 8 112 
36 9 112 
36 10 112 
36 11 112 
36 12 112 
36 13 112 
36 14 112 
36 15 112 
36 16 0 
36 17 0 
36 18 0 
36 19 16 
36 20 16 
36 21 16 
36 22 16 
36 23 16 
36 24 16 
36 25 16 
36 26 16 
36 27 16 
36 28 128 
36 29 128 
36 30 128 
36 31 128 
36 32 128 
36 33 128 
36 34 16 
36 35 16 
36 36 16 
36 37 16 
36 38 16 
36 39 16 
36 40 16 
36 41 16 
36 42 16 
36 43 16 
36 44 16 
36 45 0 
36 46 0 
36 47 0 
37 0 112 
37 1 112 
37 2 112 
37 3 112 
37 4 112 
37 5 112 
37 6 112 
37 7 112 
37 8 112 
37 9 112 
37 10 112 
37 11 112 
37 12 112 
37 13 112 
37 14 112 
37 15 112 
37 16 0 
37 17 0 
37 18 0 
37 19 16 
37 20 16 
37 21 16 
37 22 16 
37 23 16 
37 24 16 
37 25 16 
37 26 16 
37 27 16 
37 28 128 
37 29 128 
37 30 128 
37 31 128 
37 32 128 
37 33 128 
37 34 16 
37 35 16 
37 36 16 
37 37 16 
37 38 16 
37 39 16 
37 40 16 
37 41 16 
37 42 16 
37 43 16 
37 44 16 
37 45 0 
37 46 0 
37 47 0 
38 0 112 
38 1 112 
38 2 112 
38 3 112 
38 4 112 
38 5 112 
38 6 112 
38 7 112 
38 8 112 
38 9 112 
38 10 112 
38 11 112 
38 12 112 
38 13 112 
38 14 112 
38 15 112 
38 16 0 
38 17 0 
38 18 0 
38 19 16 
38 20 16 
38 21 16 
38 22 16 
38 23 16 
38 24 16 
38 25 16 
38 26 16 
38 27 16 
38 28 128 
38 29 128 
38 30 128 
38 31 128 
38 32 128 
38 33 128 
38 34 16 
38 35 16 
38 36 16 
38 37 16 
38 38 16 
38 39 16 
38 40 16 
38 41 16 
38 42 16 
38 43 16 
38 44 16 
38 45 0 
38 46 0 
38 47 0 
39 0 0 
39 1 0 
39 2 0 
39 3 0 
39 4 0 
39 5 0 
39 6 0 
39 7 0 
39 8 0 
39 9 0 
39 10 0 
39 11 0 
39 12 0 
39 13 0 
39 14 0 
39 15 0 
39 16 0 
39 17 16 
39 18 16 
39 19 16 
39 20 16 
39 21 16 
39 22 16 
39 23 16 
39 24 16 
39 25 16 
39 26 16 
39 27 16 
39 28 16 
39 29 16 
39 30 16 
39 31 16 
39 32 16 
39 33 16 
39 34 16 
39 35 16 
39 36 16 
39 37 16 
39 38 16 
39 39 16 
39 40 16 
39 41 16 
39 42 0 
39 43 0 
39 44 0 
39 45 112 
39 46 112 
39 47 112 
40 0 0 
40 1 0 
40 2 0 
40 3 0 
40 4 0 
40 5 0 
40 6 0 
40 7 0 
40 8 0 
40 9 0 
40 10 0 
40 11 0 
40 12 0 
40 13 0 
40 14 0 
40 15 0 
40 16 16 
40 17 16 
40 18 16 
40 19 16 
40 20 16 
40 21 16 
40 22 16 
40 23 16 
40 24 16 
40 25 16 
40 26 16 
40 27 16 
40 28 16 
40 29 16 
40 30 16 
40 31 16 
40 32 16 
40 33 16 
40 34 16 
40 35 16 
40 36 16 
40 37 16 
40 38 16 
40 39 16 
40 40 16 
40 41 16 
40 42 0 
40 43 0 
40 44 0 
40 45 112 
40 46 112 
40 47 112 
41 0 0 
41 1 0 
41 2 0 
41 3 0 
41 4 0 
41 5 0 
41 6 0 
41 7 0 
41 8 0 
41 9 0 
41 10 0 
41 11 0 
41 12 0 
41 13 0 
41 14 0 
41 15 0 
41 16 16 
41 17 16 
41 18 16 
41 19 16 
41 20 16 
41 21 16 
41 22 16 
41 23 16 
41 24 16 
41 25 16 
41 26 16 
41 27 16 
41 28 16 
41 29 16 
41 30 16 
41 31 16 
41 32 16 
41 33 16 
41 34 16 
41 35 16 
41 36 16 
41 37 16 
41 38 16 
41 39 16 
41 40 16 
41 41 16 
41 42 0 
41 43 0 
41 44 0 
41 45 112 
41 46 112 
41 47 112 
42 0 112 
42 1 0 
42 2 0 
42 3 0 
42 4 0 
42 5 16 
42 6 16 
42 7 16 
42 8 16 
42 9 16 
42 10 16 
42 11 16 
42 12 16 
42 13 16 
42 14 16 
42 15 16 
42 16 16 
42 17 16 
42 18 16 
42 19 16 
42 20 16 
42 21 16 
42 22 16 
42 23 16 
42 24 16 
42 25 16 
42 26 16 
42 27 16 
42 28 128 
42 29 128 
42 30 128 
42 31 128 
42 32 128 
42 33 128 
42 34 16 
42 35 16 
42 36 16 
42 37 16 
42 38 16 
42 39 16 
42 40 16 
42 41 16 
42 42 0 
42 43 0 
42 44 0 
42 45 112 
42 46 112 
42 47 112 
43 0 112 
43 1 0 
43 2 0 
43 3 0 
43 4 0 
43 5 16 
43 6 16 
43 7 16 
43 8 16 
43 9 16 
43 10 16 
43 11 16 
43 12 16 
43 13 16 
43 14 16 
43 15 16 
43 16 16 
43 17 16 
43 18 16 
43 19 16 
43 20 16 
43 21 16 
43 22 16 
43 23 16 
43 24 16 
43 25 16 
43 26 16 
43 27 16 
43 28 128 
43 29 128 
43 30 128 
43 31 128 
43 32 128 
43 33 128 
43 34 16 
43 35 16 
43 36 16 
43 37 16 
43 38 16 
43 39 16 
43 40 16 
43 41 16 
43 42 0 
43 43 0 
43 44 0 
43 45 112 
43 46 112 
43 47 112 
44 0 112 
44 1 0 
44 2 0 
44 3 0 
44 4 0 
44 5 0 
44 6 0 
44 7 0 
44 8 16 
44 9 16 
44 10 16 
44 11 16 
44 12 16 
44 13 16 
44 14 16 
44 15 16 
44 16 16 
44 17 16 
44 18 16 
44 19 16 
44 20 16 
44 21 16 
44 22 16 
44 23 16 
44 24 16 
44 25 16 
44 26 16 
44 27 16 
44 28 128 
44 29 128 
44 30 128 
44 31 128 
44 32 128 
44 33 128 
44 34 16 
44 35 16 
44 36 16 
44 37 16 
44 38 16 
44 39 112 
44 40 112 
44 41 112 
44 42 0 
44 43 0 
44 44 0 
44 45 112 
44 46 112 
44 47 112 
45 0 112 
45 1 112 
45 2 112 
45 3 112 
45 4 112 
45 5 0 
45 6 0 
45 7 0 
45 8 16 
45 9 16 
45 10 16 
45 11 16 
45 12 16 
45 13 16 
45 14 16 
45 15 16 
45 16 16 
45 17 16 
45 18 16 
45 19 16 
45 20 16 
45 21 16 
45 22 16 
45 23 16 
45 24 16 
45 25 16 
45 26 16 
45 27 16 
45 28 16 
45 29 16 
45 30 16 
45 31 16 
45 32 16 
45 33 16 
45 34 16 
45 35 16 
45 36 16 
45 37 16 
45 38 112 
45 39 112 
45 40 112 
45 41 112 
45 42 0 
45 43 0 
45 44 0 
45 45 112 
45 46 112 
45 47 112 
46 0 112 
46 1 112 
46 2 112 
46 3 112 
46 4 112 
46 5 0 
46 6 0 
46 7 0 
46 8 16 
46 9 16 
46 10 16 
46 11 16 
46 12 16 
46 13 16 
46 14 16 
46 15 16 
46 16 16 
46 17 16 
46 18 16 
46 19 16 
46 20 16 
46 21 16 
46 22 16 
46 23 16 
46 24 16 
46 25 16 
46 26 16 
46 27 16 
46 28 16 
46 29 16 
46 30 16 
46 31 16 
46 32 16 
46 33 16 
46 34 16 
46 35 16 
46 36 16 
46 37 16 
46 38 112 
46 39 112 
46 40 112 
46 41 112 
46 42 0 
46 43 0 
46 44 0 
46 45 112 
46 46 112 
46 47 112 
47 0 112 
47 1 112 
47 2 112 
47 3 112 
47 4 112 
47 5 0 
47 6 0 
47 7 0 
47 8 0 
47 9 16 
47 10 16 
47 11 16 
47 12 16 
47 13 16 
47 14 16 
47 15 16 
47 16 16 
47 17 16 
47 18 16 
47 19 16 
47 20 16 
47 21 16 
47 22 16 
47 23 16 
47 24 16 
47 25 16 
47 26 16 
47 27 16 
47 28 16 
47 29 16 
47 30 16 
47 31 16 
47 32 16 
47 33 16 
47 34 16 
47 35 16 
47 36 16 
47 37 112 
47 38 112 
47 39 112 
47 40 112 
47 41 112 
47 42 0 
47 43 0 
47 44 0 
47 45 0 
47 46 0 
47 47 0 
48 0 112 
48 1 112 
48 2 112 
48 3 112 
48 4 112 
48 5 112 
48 6 112 
48 7 112 
48 8 0 
48 9 16 
48 10 16 
48 11 16 
48 12 16 
48 13 16 
48 14 16 
48 15 16 
48 16 16 
48 17 16 
48 18 16 
48 19 16 
48 20 16 
48 21 16 
48 22 16 
48 23 16 
48 24 16 
48 25 16 
48 26 16 
48 27 16 
48 28 16 
48 29 16 
48 30 16 
48 31 16 
48 32 16 
48 33 16 
48 34 16 
48 35 16 
48 36 112 
48 37 112 
48 38 112 
48 39 112 
48 40 112 
48 41 112 
48 42 112 
48 43 112 
48 44 176 
48 45 0 
48 46 0 
48 47 0 
49 0 112 
49 1 112 
49 2 112 
49 3 112 
49 4 112 
49 5 112 
49 6 112 
49 7 112 
49 8 0 
49 9 0 
49 10 16 
49 11 16 
49 12 16 
49 13 16 
49 14 16 
49 15 16 
49 16 16 
49 17 16 
49 18 16 
49 19 16 
49 20 16 
49 21 16 
49 22 16 
49 23 16 
49 24 16 
49 25 16 
49 26 16 
49 27 16 
49 28 16 
49 29 16 
49 30 16 
49 31 16 
49 32 16 
49 33 16 
49 34 16 
49 35 16 
49 36 112 
49 37 112 
49 38 112 
49 39 112 
49 40 112 
49 41 112 
49 42 112 
49 43 112 
49 44 176 
49 45 0 
49 46 0 
49 47 0 
50 0 112 
50 1 112 
50 2 112 
50 3 112 
50 4 112 
50 5 112 
50 6 112 
50 7 112 
50 8 0 
50 9 0 
50 10 0 
50 11 0 
50 12 0 
50 13 0 
50 14 16 
50 15 16 
50 16 16 
50 17 16 
50 18 16 
50 19 16 
50 20 16 
50 21 16 
50 22 16 
50 23 16 
50 24 16 
50 25 16 
50 26 16 
50 27 16 
50 28 16 
50 29 16 
50 30 16 
50 31 16 
50 32 16 
50 33 16 
50 34 16 
50 35 16 
50 36 112 
50 37 112 
50 38 112 
50 39 112 
50 40 112 
50 41 112 
50 42 112 
50 43 112 
50 44 176 
50 45 0 
50 46 0 
50 47 0 
51 0 112 
51 1 112 
51 2 112 
51 3 112 
51 4 112 
51 5 112 
51 6 112 
51 7 112 
51 8 112 
51 9 112 
51 10 0 
51 11 0 
51 12 0 
51 13 0 
51 14 16 
51 15 16 
51 16 16 
51 17 16 
51 18 16 
51 19 16 
51 20 16 
51 21 16 
51 22 16 
51 23 16 
51 24 16 
51 25 16 
51 26 16 
51 27 16 
51 28 16 
51 29 16 
51 30 16 
51 31 16 
51 32 16 
51 33 16 
51 34 16 
51 35 16 
51 36 112 
51 37 112 
51 38 112 
51 39 112 
51 40 112 
51 41 112 
51 42 112 
51 43 112 
51 44 176 
51 45 0 
51 46 0 
51 47 0 
52 0 112 
52 1 112 
52 2 112 
52 3 112 
52 4 112 
52 5 112 
52 6 112 
52 7 112 
52 8 112 
52 9 112 
52 10 0 
52 11 0 
52 12 0 
52 13 0 
52 14 16 
52 15 16 
52 16 16 
52 17 16 
52 18 16 
52 19 16 
52 20 16 
52 21 16 
52 22 16 
52 23 16 
52 24 16 
52 25 16 
52 26 16 
52 27 16 
52 28 16 
52 29 16 
52 30 16 
52 31 16 
52 32 16 
52 33 16 
52 34 16 
52 35 16 
52 36 112 
52 37 112 
52 38 112 
52 39 112 
52 40 112 
52 41 112 
52 42 112 
52 43 112 
52 44 176 
52 45 0 
52 46 0 
52 47 0 
53 0 112 
53 1 112 
53 2 112 
53 3 112 
53 4 112 
53 5 112 
53 6 112 
53 7 112 
53 8 112 
53 9 112 
53 10 0 
53 11 0 
53 12 0 
53 13 0 
53 14 0 
53 15 0 
53 16 0 
53 17 16 
53 18 16 
53 19 16 
53 20 16 
53 21 16 
53 22 16 
53 23 16 
53 24 16 
53 25 16 
53 26 16 
53 27 16 
53 28 16 
53 29 16 
53 30 16 
53 31 16 
53 32 16 
53 33 16 
53 34 16 
53 35 16 
53 36 112 
53 37 112 
53 38 112 
53 39 112 
53 40 112 
53 41 112 
53 42 112 
53 43 112 
53 44 176 
53 45 0 
53 46 0 
53 47 0 
54 0 112 
54 1 112 
54 2 112 
54 3 112 
54 4 112 
54 5 112 
54 6 112 
54 7 112 
54 8 112 
54 9 112 
54 10 112 
54 11 112 
54 12 112 
54 13 0 
54 14 0 
54 15 0 
54 16 0 
54 17 16 
54 18 16 
54 19 16 
54 20 16 
54 21 16 
54 22 16 
54 23 16 
54 24 16 
54 25 16 
54 26 16 
54 27 16 
54 28 16 
54 29 16 
54 30 16 
54 31 16 
54 32 16 
54 33 16 
54 34 16 
54 35 16 
54 36 112 
54 37 112 
54 38 112 
54 39 112 
54 40 112 
54 41 112 
54 42 112 
54 43 112 
54 44 176 
54 45 0 
54 46 0 
54 47 0 
55 0 112 
55 1 112 
55 2 112 
55 3 112 
55 4 112 
55 5 112 
55 6 112 
55 7 112 
55 8 112 
55 9 112 
55 10 112 
55 11 112 
55 12 112 
55 13 0 
55 14 0 
55 15 0 
55 16 0 
55 17 16 
55 18 16 
55 19 16 
55 20 16 
55 21 16 
55 22 16 
55 23 16 
55 24 16 
55 25 16 
55 26 16 
55 27 16 
55 28 16 
55 29 16 
55 30 16 
55 31 16 
55 32 16 
55 33 112 
55 34 112 
55 35 112 
55 36 112 
55 37 112 
55 38 112 
55 39 112 
55 40 112 
55 41 112 
55 42 112 
55 43 112 
55 44 176 
55 45 0 
55 46 0 
55 47 0 
56 0 112 
56 1 112 
56 2 112 
56 3 112 
56 4 112 
56 5 112 
56 6 112 
56 7 112 
56 8 112 
56 9 112 
56 10 112 
56 11 112 
56 12 112 
56 13 0 
56 14 0 
56 15 0 
56 16 0 
56 17 16 
56 18 16 
56 19 16 
56 20 16 
56 21 16 
56 22 16 
56 23 16 
56 24 16 
56 25 16 
56 26 16 
56 27 16 
56 28 16 
56 29 16 
56 30 16 
56 31 16 
56 32 16 
56 33 112 
56 34 112 
56 35 112 
56 36 112 
56 37 112 
56 38 112 
56 39 112 
56 40 112 
56 41 112 
56 42 112 
56 43 112 
56 44 176 
56 45 0 
56 46 0 
56 47 0 
57 0 112 
57 1 112 
57 2 112 
57 3 112 
57 4 112 
57 5 112 
57 6 112 
57 7 112 
57 8 112 
57 9 112 
57 10 112 
57 11 112 
57 12 112 
57 13 0 
57 14 0 
57 15 0 
57 16 0 
57 17 16 
57 18 16 
57 19 16 
57 20 16 
57 21 16 
57 22 16 
57 23 16 
57 24 16 
57 25 16 
57 26 16 
57 27 16 
57 28 16 
57 29 16 
57 30 16 
57 31 16 
57 32 16 
57 33 112 
57 34 112 
57 35 112 
57 36 112 
57 37 112 
57 38 112 
57 39 112 
57 40 112 
57 41 112 
57 42 112 
57 43 112 
57 44 176 
57 45 0 
57 46 0 
57 47 0 
58 0 112 
58 1 112 
58 2 112 
58 3 112 
58 4 112 
58 5 112 
58 6 112 
58 7 112 
58 8 112 
58 9 112 
58 10 112 
58 11 112 
58 12 112 
58 13 0 
58 14 0 
58 15 0 
58 16 0 
58 17 16 
58 18 16 
58 19 16 
58 20 16 
58 21 16 
58 22 16 
58 23 16 
58 24 16 
58 25 0 
58 26 0 
58 27 0 
58 28 0 
58 29 0 
58 30 0 
58 31 0 
58 32 0 
58 33 0 
58 34 112 
58 35 112 
58 36 112 
58 37 112 
58 38 112 
58 39 112 
58 40 112 
58 41 112 
58 42 112 
58 43 112 
58 44 176 
58 45 0 
58 46 0 
58 47 0 
59 0 112 
59 1 112 
59 2 112 
59 3 112 
59 4 112 
59 5 112 
59 6 112 
59 7 112 
59 8 112 
59 9 112 
59 10 112 
59 11 112 
59 12 112 
59 13 0 
59 14 0 
59 15 0 
59 16 0 
59 17 16 
59 18 16 
59 19 16 
59 20 16 
59 21 16 
59 22 16 
59 23 16 
59 24 16 
59 25 0 
59 26 0 
59 27 0 
59 28 0 
59 29 0 
59 30 0 
59 31 0 
59 32 0 
59 33 0 
59 34 112 
59 35 112 
59 36 112 
59 37 112 
59 38 112 
59 39 112 
59 40 112 
59 41 112 
59 42 112 
59 43 112 
59 44 176 
59 45 0 
59 46 0 
59 47 0 
60 0 112 
60 1 112 
60 2 112 
60 3 112 
60 4 112 
60 5 112 
60 6 112 
60 7 112 
60 8 112 
60 9 112 
60 10 112 
60 11 112 
60 12 112 
60 13 0 
60 14 0 
60 15 0 
60 16 0 
60 17 16 
60 18 16 
60 19 16 
60 20 16 
60 21 16 
60 22 16 
60 23 16 
60 24 16 
60 25 0 
60 26 0 
60 27 0 
60 28 0 
60 29 0 
60 30 0 
60 31 0 
60 32 0 
60 33 0 
60 34 112 
60 35 112 
60 36 112 
60 37 112 
60 38 112 
60 39 112 
60 40 112 
60 41 112 
60 42 112 
60 43 112 
60 44 176 
60 45 0 
60 46 0 
60 47 0 
61 0 112 
61 1 112 
61 2 112 
61 3 112 
61 4 112 
61 5 112 
61 6 112 
61 7 112 
61 8 112 
61 9 112 
61 10 112 
61 11 112 
61 12 112 
61 13 0 
61 14 0 
61 15 0 
61 16 0 
61 17 0 
61 18 0 
61 19 0 
61 20 16 
61 21 16 
61 22 16 
61 23 16 
61 24 16 
61 25 0 
61 26 0 
61 27 0 
61 28 128 
61 29 128 
61 30 128 
61 31 0 
61 32 0 
61 33 0 
61 34 112 
61 35 112 
61 36 112 
61 37 112 
61 38 112 
61 39 112 
61 40 112 
61 41 112 
61 42 112 
61 43 112 
61 44 176 
61 45 0 
61 46 0 
61 47 0 
62 0 112 
62 1 112 
62 2 112 
62 3 112 
62 4 112 
62 5 112 
62 6 112 
62 7 112 
62 8 112 
62 9 112 
62 10 112 
62 11 112 
62 12 112 
62 13 112 
62 14 112 
62 15 112 
62 16 0 
62 17 0 
62 18 0 
62 19 0 
62 20 16 
62 21 16 
62 22 16 
62 23 16 
62 24 16 
62 25 0 
62 26 0 
62 27 0 
62 28 128 
62 29 112 
62 30 128 
62 31 0 
62 32 0 
62 33 0 
62 34 112 
62 35 112 
62 36 112 
62 37 112 
62 38 112 
62 39 112 
62 40 112 
62 41 112 
62 42 112 
62 43 112 
62 44 176 
62 45 0 
62 46 0 
62 47 0 
63 0 112 
63 1 112 
63 2 112 
63 3 112 
63 4 112 
63 5 112 
63 6 112 
63 7 112 
63 8 112 
63 9 112 
63 10 112 
63 11 112 
63 12 112 
63 13 112 
63 14 112 
63 15 112 
63 16 0 
63 17 0 
63 18 0 
63 19 0 
63 20 16 
63 21 16 
63 22 16 
63 23 16 
63 24 16 
63 25 0 
63 26 0 
63 27 0 
63 28 128 
63 29 112 
63 30 128 
63 31 0 
63 32 0 
63 33 0 
63 34 112 
63 35 112 
63 36 112 
63 37 112 
63 38 112 
63 39 112 
63 40 112 
63 41 112 
63 42 112 
63 43 112 
63 44 176 
63 45 0 
63 46 0 
63 47 0 
64 0 112 
64 1 112 
64 2 112 
64 3 112 
64 4 112 
64 5 112 
64 6 112 
64 7 112 
64 8 112 
64 9 112 
64 10 112 
64 11 112 
64 12 112 
64 13 112 
64 14 112 
64 15 112 
64 16 0 
64 17 0 
64 18 0 
64 19 0 
64 20 16 
64 21 16 
64 22 16 
64 23 16 
64 24 16 
64 25 0 
64 26 0 
64 27 0 
64 28 16 
64 29 16 
64 30 16 
64 31 16 
64 32 0 
64 33 0 
64 34 112 
64 35 112 
64 36 128 
64 37 128 
64 38 128 
64 39 128 
64 40 112 
64 41 112 
64 42 112 
64 43 112 
64 44 176 
64 45 0 
64 46 0 
64 47 0 
65 0 112 
65 1 112 
65 2 112 
65 3 112 
65 4 112 
65 5 112 
65 6 112 
65 7 112 
65 8 112 
65 9 112 
65 10 112 
65 11 112 
65 12 112 
65 13 112 
65 14 112 
65 15 112 
65 16 0 
65 17 0 
65 18 0 
65 19 0 
65 20 16 
65 21 16 
65 22 16 
65 23 16 
65 24 16 
65 25 16 
65 26 16 
65 27 16 
65 28 16 
65 29 16 
65 30 16 
65 31 16 
65 32 16 
65 33 16 
65 34 112 
65 35 112 
65 36 128 
65 37 128 
65 38 128 
65 39 128 
65 40 112 
65 41 112 
65 42 112 
65 43 112 
65 44 176 
65 45 0 
65 46 0 
65 47 0 
66 0 112 
66 1 112 
66 2 112 
66 3 112 
66 4 112 
66 5 112 
66 6 112 
66 7 112 
66 8 112 
66 9 112 
66 10 112 
66 11 112 
66 12 112 
66 13 112 
66 14 112 
66 15 112 
66 16 0 
66 17 0 
66 18 0 
66 19 0 
66 20 16 
66 21 16 
66 22 16 
66 23 16 
66 24 16 
66 25 16 
66 26 16 
66 27 16 
66 28 16 
66 29 16 
66 30 16 
66 31 16 
66 32 16 
66 33 16 
66 34 112 
66 35 112 
66 36 128 
66 37 128 
66 38 128 
66 39 128 
66 40 112 
66 41 112 
66 42 112 
66 43 112 
66 44 176 
66 45 0 
66 46 0 
66 47 0 
67 0 112 
67 1 112 
67 2 112 
67 3 112 
67 4 112 
67 5 112 
67 6 112 
67 7 112 
67 8 112 
67 9 112 
67 10 112 
67 11 112 
67 12 112 
67 13 112 
67 14 112 
67 15 112 
67 16 0 
67 17 0 
67 18 0 
67 19 0 
67 20 0 
67 21 0 
67 22 16 
67 23 16 
67 24 16 
67 25 16 
67 26 16 
67 27 16 
67 28 16 
67 29 16 
67 30 16 
67 31 16 
67 32 16 
67 33 16 
67 34 112 
67 35 112 
67 36 112 
67 37 112 
67 38 112 
67 39 128 
67 40 128 
67 41 128 
67 42 128 
67 43 112 
67 44 176 
67 45 0 
67 46 0 
67 47 0 
68 0 112 
68 1 112 
68 2 112 
68 3 112 
68 4 112 
68 5 112 
68 6 112 
68 7 112 
68 8 112 
68 9 112 
68 10 112 
68 11 112 
68 12 112 
68 13 112 
68 14 112 
68 15 112 
68 16 112 
68 17 112 
68 18 0 
68 19 0 
68 20 0 
68 21 0 
68 22 16 
68 23 16 
68 24 16 
68 25 16 
68 26 16 
68 27 16 
68 28 16 
68 29 16 
68 30 16 
68 31 16 
68 32 16 
68 33 16 
68 34 112 
68 35 112 
68 36 112 
68 37 112 
68 38 112 
68 39 128 
68 40 128 
68 41 128 
68 42 128 
68 43 112 
68 44 176 
68 45 0 
68 46 0 
68 47 0 
69 0 112 
69 1 112 
69 2 112 
69 3 112 
69 4 112 
69 5 112 
69 6 112 
69 7 112 
69 8 112 
69 9 112 
69 10 112 
69 11 112 
69 12 112 
69 13 112 
69 14 112 
69 15 112 
69 16 112 
69 17 112 
69 18 0 
69 19 0 
69 20 0 
69 21 0 
69 22 16 
69 23 16 
69 24 16 
69 25 16 
69 26 16 
69 27 16 
69 28 16 
69 29 16 
69 30 16 
69 31 16 
69 32 16 
69 33 16 
69 34 112 
69 35 112 
69 36 112 
69 37 112 
69 38 112 
69 39 128 
69 40 128 
69 41 128 
69 42 0 
69 43 0 
69 44 0 
69 45 0 
69 46 0 
69 47 0 
70 0 112 
70 1 112 
70 2 112 
70 3 112 
70 4 112 
70 5 112 
70 6 112 
70 7 112 
70 8 112 
70 9 112 
70 10 112 
70 11 112 
70 12 112 
70 13 112 
70 14 112 
70 15 112 
70 16 112 
70 17 112 
70 18 0 
70 19 0 
70 20 0 
70 21 0 
70 22 16 
70 23 16 
70 24 16 
70 25 16 
70 26 16 
70 27 16 
70 28 16 
70 29 16 
70 30 16 
70 31 16 
70 32 16 
70 33 16 
70 34 112 
70 35 112 
70 36 112 
70 37 112 
70 38 112 
70 39 128 
70 40 128 
70 41 128 
70 42 0 
70 43 0 
70 44 0 
70 45 0 
70 46 112 
70 47 112 
71 0 112 
71 1 112 
71 2 112 
71 3 112 
71 4 112 
71 5 112 
71 6 112 
71 7 112 
71 8 112 
71 9 112 
71 10 112 
71 11 112 
71 12 112 
71 13 112 
71 14 112 
71 15 112 
71 16 112 
71 17 112 
71 18 0 
71 19 0 
71 20 0 
71 21 0 
71 22 16 
71 23 16 
71 24 16 
71 25 16 
71 26 16 
71 27 16 
71 28 16 
71 29 16 
71 30 16 
71 31 16 
71 32 16 
71 33 16 
71 34 112 
71 35 112 
71 36 112 
71 37 112 
71 38 112 
71 39 128 
71 40 128 
71 41 128 
71 42 0 
71 43 0 
71 44 0 
71 45 0 
71 46 112 
71 47 112 
72 0 112 
72 1 112 
72 2 112 
72 3 112 
72 4 112 
72 5 112 
72 6 112 
72 7 112 
72 8 112 
72 9 112 
72 10 112 
72 11 112 
72 12 112 
72 13 112 
72 14 112 
72 15 112 
72 16 112 
72 17 112 
72 18 112 
72 19 0 
72 20 0 
72 21 0 
72 22 0 
72 23 0 
72 24 0 
72 25 16 
72 26 16 
72 27 16 
72 28 16 
72 29 16 
72 30 16 
72 31 16 
72 32 16 
72 33 16 
72 34 112 
72 35 112 
72 36 112 
72 37 112 
72 38 112 
72 39 128 
72 40 128 
72 41 128 
72 42 0 
72 43 0 
72 44 0 
72 45 0 
72 46 112 
72 47 112 
73 0 112 
73 1 112 
73 2 112 
73 3 112 
73 4 112 
73 5 112 
73 6 112 
73 7 112 
73 8 112 
73 9 112 
73 10 112 
73 11 112 
73 12 112 
73 13 112 
73 14 112 
73 15 112 
73 16 112 
73 17 112 
73 18 112 
73 19 112 
73 20 112 
73 21 112 
73 22 0 
73 23 0 
73 24 0 
73 25 16 
73 26 16 
73 27 16 
73 28 16 
73 29 16 
73 30 16 
73 31 16 
73 32 16 
73 33 16 
73 34 112 
73 35 112 
73 36 112 
73 37 112 
73 38 112 
73 39 128 
73 40 128 
73 41 128 
73 42 0 
73 43 0 
73 44 0 
73 45 0 
73 46 112 
73 47 112 
74 0 112 
74 1 112 
74 2 112 
74 3 112 
74 4 112 
74 5 112 
74 6 112 
74 7 112 
74 8 112 
74 9 112 
74 10 112 
74 11 112 
74 12 112 
74 13 112 
74 14 112 
74 15 112 
74 16 112 
74 17 112 
74 18 112 
74 19 112 
74 20 112 
74 21 112 
74 22 0 
74 23 0 
74 24 0 
74 25 16 
74 26 16 
74 27 16 
74 28 16 
74 29 16 
74 30 16 
74 31 16 
74 32 16 
74 33 16 
74 34 112 
74 35 112 
74 36 112 
74 37 112 
74 38 112 
74 39 128 
74 40 128 
74 41 128 
74 42 0 
74 43 0 
74 44 0 
74 45 0 
74 46 112 
74 47 112 
75 0 112 
75 1 112 
75 2 112 
75 3 112 
75 4 112 
75 5 112 
75 6 112 
75 7 112 
75 8 112 
75 9 112 
75 10 112 
75 11 112 
75 12 112 
75 13 112 
75 14 112 
75 15 112 
75 16 112 
75 17 112 
75 18 112 
75 19 112 
75 20 112 
75 21 112 
75 22 0 
75 23 0 
75 24 0 
75 25 0 
75 26 0 
75 27 0 
75 28 16 
75 29 16 
75 30 16 
75 31 16 
75 32 16 
75 33 16 
75 34 112 
75 35 112 
75 36 112 
75 37 112 
75 38 112 
75 39 0 
75 40 0 
75 41 0 
75 42 0 
75 43 0 
75 44 0 
75 45 0 
75 46 112 
75 47 112 
76 0 112 
76 1 112 
76 2 112 
76 3 112 
76 4 112 
76 5 112 
76 6 112 
76 7 112 
76 8 112 
76 9 112 
76 10 112 
76 11 112 
76 12 112 
76 13 112 
76 14 112 
76 15 112 
76 16 112 
76 17 112 
76 18 112 
76 19 112 
76 20 112 
76 21 112 
76 22 112 
76 23 112 
76 24 112 
76 25 0 
76 26 0 
76 27 0 
76 28 16 
76 29 16 
76 30 16 
76 31 16 
76 32 16 
76 33 16 
76 34 112 
76 35 112 
76 36 112 
76 37 112 
76 38 112 
76 39 0 
76 40 0 
76 41 0 
76 42 0 
76 43 0 
76 44 0 
76 45 0 
76 46 112 
76 47 112 
77 0 112 
77 1 112 
77 2 112 
77 3 112 
77 4 112 
77 5 112 
77 6 112 
77 7 112 
77 8 112 
77 9 112 
77 10 112 
77 11 112 
77 12 112 
77 13 112 
77 14 112 
77 15 112 
77 16 112 
77 17 112 
77 18 112 
77 19 112 
77 20 112 
77 21 112 
77 22 112 
77 23 112 
77 24 112 
77 25 0 
77 26 0 
77 27 0 
77 28 16 
77 29 16 
77 30 16 
77 31 16 
77 32 16 
77 33 16 
77 34 112 
77 35 112 
77 36 112 
77 37 112 
77 38 112 
77 39 0 
77 40 0 
77 41 0 
77 42 0 
77 43 112 
77 44 112 
77 45 112 
77 46 112 
77 47 112 
78 0 112 
78 1 112 
78 2 112 
78 3 112 
78 4 112 
78 5 112 
78 6 112 
78 7 112 
78 8 112 
78 9 112 
78 10 112 
78 11 112 
78 12 112 
78 13 112 
78 14 112 
78 15 112 
78 16 112 
78 17 112 
78 18 112 
78 19 112 
78 20 112 
78 21 112 
78 22 112 
78 23 112 
78 24 112 
78 25 0 
78 26 0 
78 27 0 
78 28 0 
78 29 0 
78 30 0 
78 31 16 
78 32 16 
78 33 16 
78 34 112 
78 35 112 
78 36 0 
78 37 0 
78 38 0 
78 39 0 
78 40 0 
78 41 0 
78 42 112 
78 43 112 
78 44 112 
78 45 112 
78 46 112 
78 47 112 
79 0 112 
79 1 112 
79 2 112 
79 3 112 
79 4 112 
79 5 112 
79 6 112 
79 7 112 
79 8 112 
79 9 112 
79 10 112 
79 11 112 
79 12 112 
79 13 112 
79 14 112 
79 15 112 
79 16 112 
79 17 112 
79 18 112 
79 19 112 
79 20 112 
79 21 112 
79 22 112 
79 23 112 
79 24 112 
79 25 112 
79 26 112 
79 27 0 
79 28 0 
79 29 0 
79 30 0 
79 31 16 
79 32 16 
79 33 16 
79 34 112 
79 35 112 
79 36 0 
79 37 0 
79 38 0 
79 39 0 
79 40 112 
79 41 112 
79 42 112 
79 43 112 
79 44 112 
79 45 112 
79 46 112 
79 47 112 
80 0 112 
80 1 112 
80 2 112 
80 3 112 
80 4 112 
80 5 112 
80 6 112 
80 7 112 
80 8 112 
80 9 112 
80 10 112 
80 11 112 
80 12 112 
80 13 112 
80 14 112 
80 15 112 
80 16 112 
80 17 112 
80 18 112 
80 19 112 
80 20 112 
80 21 112 
80 22 112 
80 23 112 
80 24 112 
80 25 112 
80 26 112 
80 27 0 
80 28 0 
80 29 0 
80 30 0 
80 31 16 
80 32 16 
80 33 16 
80 34 112 
80 35 112 
80 36 0 
80 37 0 
80 38 0 
80 39 0 
80 40 112 
80 41 112 
80 42 112 
80 43 112 
80 44 112 
80 45 112 
80 46 112 
80 47 112 
81 0 112 
81 1 112 
81 2 112 
81 3 112 
81 4 112 
81 5 112 
81 6 112 
81 7 112 
81 8 112 
81 9 112 
81 10 112 
81 11 112 
81 12 112 
81 13 112 
81 14 112 
81 15 112 
81 16 112 
81 17 112 
81 18 112 
81 19 112 
81 20 112 
81 21 112 
81 22 112 
81 23 112 
81 24 112 
81 25 112 
81 26 112 
81 27 112 
81 28 176 
81 29 176 
81 30 176 
81 31 0 
81 32 0 
81 33 0 
81 34 0 
81 35 0 
81 36 0 
81 37 0 
81 38 0 
81 39 0 
81 40 112 
81 41 112 
81 42 112 
81 43 112 
81 44 112 
81 45 112 
81 46 112 
81 47 112 
82 0 112 
82 1 112 
82 2 112 
82 3 112 
82 4 112 
82 5 112 
82 6 112 
82 7 112 
82 8 112 
82 9 112 
82 10 112 
82 11 112 
82 12 112 
82 13 112 
82 14 112 
82 15 112 
82 16 112 
82 17 112 
82 18 112 
82 19 112 
82 20 112 
82 21 112 
82 22 112 
82 23 112 
82 24 112 
82 25 112 
82 26 112 
82 27 112 
82 28 112 
82 29 112 
82 30 112 
82 31 0 
82 32 0 
82 33 0 
82 34 0 
82 35 0 
82 36 0 
82 37 112 
82 38 112 
82 39 112 
82 40 112 
82 41 112 
82 42 112 
82 43 112 
82 44 112 
82 45 112 
82 46 112 
82 47 112 
83 0 112 
83 1 112 
83 2 112 
83 3 112 
83 4 112 
83 5 112 
83 6 112 
83 7 112 
83 8 112 
83 9 112 
83 10 112 
83 11 112 
83 12 112 
83 13 112 
83 14 112 
83 15 112 
83 16 112 
83 17 112 
83 18 112 
83 19 112 
83 20 112 
83 21 112 
83 22 112 
83 23 112 
83 24 112 
83 25 112 
83 26 112 
83 27 112 
83 28 112 
83 29 112 
83 30 112 
83 31 0 
83 32 0 
83 33 0 
83 34 0 
83 35 0 
83 36 0 
83 37 112 
83 38 112 
83 39 112 
83 40 112 
83 41 112 
83 42 112 
83 43 112 
83 44 112 
83 45 112 
83 46 112 
83 47 112 
