0 0 16 
0 1 16 
0 2 16 
0 3 16 
0 4 16 
0 5 16 
0 6 16 
0 7 16 
0 8 16 
0 9 16 
0 10 16 
0 11 16 
0 12 16 
0 13 224 
0 14 224 
0 15 224 
0 16 16 
1 0 16 
1 1 16 
1 2 16 
1 3 16 
1 4 16 
1 5 16 
1 6 16 
1 7 16 
1 8 16 
1 9 16 
1 10 16 
1 11 16 
1 12 224 
1 13 224 
1 14 224 
1 15 224 
1 16 224 
2 0 16 
2 1 16 
2 2 16 
2 3 16 
2 4 16 
2 5 16 
2 6 16 
2 7 16 
2 8 16 
2 9 16 
2 10 16 
2 11 224 
2 12 224 
2 13 224 
2 14 16 
2 15 16 
2 16 224 
3 0 16 
3 1 16 
3 2 16 
3 3 16 
3 4 0 
3 5 0 
3 6 0 
3 7 0 
3 8 0 
3 9 0 
3 10 0 
3 11 0 
3 12 0 
3 13 0 
3 14 16 
3 15 16 
3 16 224 
4 0 16 
4 1 16 
4 2 16 
4 3 0 
4 4 0 
4 5 160 
4 6 160 
4 7 160 
4 8 160 
4 9 160 
4 10 160 
4 11 160 
4 12 160 
4 13 0 
4 14 0 
4 15 224 
4 16 224 
5 0 16 
5 1 16 
5 2 0 
5 3 160 
5 4 160 
5 5 160 
5 6 160 
5 7 160 
5 8 160 
5 9 160 
5 10 160 
5 11 160 
5 12 160 
5 13 160 
5 14 0 
5 15 224 
5 16 224 
6 0 16 
6 1 0 
6 2 160 
6 3 160 
6 4 160 
6 5 160 
6 6 160 
6 7 160 
6 8 160 
6 9 160 
6 10 160 
6 11 160 
6 12 160 
6 13 160 
6 14 224 
6 15 224 
6 16 16 
7 0 16 
7 1 0 
7 2 160 
7 3 160 
7 4 160 
7 5 160 
7 6 160 
7 7 160 
7 8 160 
7 9 160 
7 10 160 
7 11 160 
7 12 160 
7 13 160 
7 14 224 
7 15 224 
7 16 16 
8 0 16 
8 1 0 
8 2 160 
8 3 160 
8 4 160 
8 5 160 
8 6 160 
8 7 160 
8 8 160 
8 9 160 
8 10 160 
8 11 160 
8 12 160 
8 13 224 
8 14 224 
8 15 0 
8 16 16 
9 0 16 
9 1 0 
9 2 160 
9 3 160 
9 4 160 
9 5 160 
9 6 160 
9 7 160 
9 8 160 
9 9 160 
9 10 160 
9 11 160 
9 12 160 
9 13 224 
9 14 224 
9 15 0 
9 16 16 
10 0 16 
10 1 0 
10 2 160 
10 3 160 
10 4 160 
10 5 160 
10 6 160 
10 7 160 
10 8 160 
10 9 160 
10 10 160 
10 11 160 
10 12 224 
10 13 224 
10 14 160 
10 15 0 
10 16 16 
11 0 16 
11 1 0 
11 2 160 
11 3 160 
11 4 160 
11 5 160 
11 6 160 
11 7 160 
11 8 160 
11 9 160 
11 10 160 
11 11 224 
11 12 224 
11 13 160 
11 14 160 
11 15 0 
11 16 16 
12 0 16 
12 1 0 
12 2 160 
12 3 160 
12 4 160 
12 5 160 
12 6 160 
12 7 160 
12 8 160 
12 9 160 
12 10 224 
12 11 224 
12 12 224 
12 13 160 
12 14 160 
12 15 0 
12 16 16 
13 0 16 
13 1 0 
13 2 160 
13 3 160 
13 4 160 
13 5 160 
13 6 160 
13 7 160 
13 8 160 
13 9 224 
13 10 224 
13 11 224 
13 12 160 
13 13 160 
13 14 160 
13 15 0 
13 16 16 
14 0 16 
14 1 0 
14 2 160 
14 3 160 
14 4 160 
14 5 160 
14 6 160 
14 7 160 
14 8 224 
14 9 224 
14 10 224 
14 11 160 
14 12 160 
14 13 160 
14 14 160 
14 15 0 
14 16 16 
15 0 16 
15 1 224 
15 2 0 
15 3 160 
15 4 160 
15 5 160 
15 6 160 
15 7 224 
15 8 224 
15 9 224 
15 10 160 
15 11 160 
15 12 160 
15 13 160 
15 14 0 
15 15 0 
15 16 16 
16 0 224 
16 1 224 
16 2 224 
16 3 0 
16 4 0 
16 5 160 
16 6 224 
16 7 224 
16 8 224 
16 9 160 
16 10 160 
16 11 160 
16 12 160 
16 13 0 
16 14 0 
16 15 16 
16 16 16 
17 0 224 
17 1 224 
17 2 16 
17 3 16 
17 4 0 
17 5 224 
17 6 224 
17 7 224 
17 8 0 
17 9 0 
17 10 0 
17 11 0 
17 12 0 
17 13 0 
17 14 16 
17 15 16 
17 16 16 
18 0 224 
18 1 224 
18 2 16 
18 3 16 
18 4 224 
18 5 224 
18 6 224 
18 7 16 
18 8 16 
18 9 16 
18 10 16 
18 11 16 
18 12 16 
18 13 16 
18 14 16 
18 15 16 
18 16 16 
19 0 16 
19 1 224 
19 2 224 
19 3 224 
19 4 224 
19 5 224 
19 6 16 
19 7 16 
19 8 16 
19 9 16 
19 10 16 
19 11 16 
19 12 16 
19 13 16 
19 14 16 
19 15 16 
19 16 16 
20 0 16 
20 1 16 
20 2 224 
20 3 224 
20 4 224 
20 5 16 
20 6 16 
20 7 16 
20 8 16 
20 9 16 
20 10 16 
20 11 16 
20 12 16 
20 13 16 
20 14 16 
20 15 16 
20 16 16 
