0 0 80 
0 1 80 
0 2 80 
0 3 80 
0 4 0 
0 5 0 
0 6 0 
0 7 0 
0 8 80 
0 9 80 
0 10 0 
0 11 0 
0 12 0 
0 13 0 
0 14 80 
1 0 80 
1 1 80 
1 2 0 
1 3 0 
1 4 112 
1 5 112 
1 6 112 
1 7 112 
1 8 0 
1 9 0 
1 10 64 
1 11 64 
1 12 64 
1 13 64 
1 14 0 
2 0 80 
2 1 0 
2 2 112 
2 3 112 
2 4 112 
2 5 112 
2 6 112 
2 7 112 
2 8 112 
2 9 112 
2 10 0 
2 11 0 
2 12 0 
2 13 0 
2 14 80 
3 0 0 
3 1 112 
3 2 48 
3 3 48 
3 4 112 
3 5 48 
3 6 48 
3 7 112 
3 8 48 
3 9 48 
3 10 112 
3 11 112 
3 12 0 
3 13 80 
3 14 80 
4 0 0 
4 1 112 
4 2 48 
4 3 48 
4 4 112 
4 5 48 
4 6 48 
4 7 112 
4 8 48 
4 9 48 
4 10 112 
4 11 112 
4 12 0 
4 13 80 
4 14 80 
5 0 80 
5 1 0 
5 2 112 
5 3 112 
5 4 112 
5 5 112 
5 6 112 
5 7 112 
5 8 112 
5 9 112 
5 10 0 
5 11 0 
5 12 0 
5 13 0 
5 14 80 
6 0 80 
6 1 80 
6 2 0 
6 3 0 
6 4 112 
6 5 112 
6 6 112 
6 7 112 
6 8 0 
6 9 0 
6 10 64 
6 11 64 
6 12 64 
6 13 64 
6 14 0 
7 0 80 
7 1 80 
7 2 80 
7 3 80 
7 4 0 
7 5 0 
7 6 0 
7 7 0 
7 8 80 
7 9 80 
7 10 0 
7 11 0 
7 12 0 
7 13 0 
7 14 80 
