0 0 176 
0 1 176 
0 2 176 
0 3 176 
0 4 176 
0 5 176 
0 6 176 
0 7 176 
1 0 176 
1 1 176 
1 2 176 
1 3 176 
1 4 32 
1 5 176 
1 6 176 
1 7 176 
2 0 176 
2 1 176 
2 2 32 
2 3 32 
2 4 32 
2 5 176 
2 6 176 
2 7 176 
3 0 176 
3 1 32 
3 2 112 
3 3 32 
3 4 32 
3 5 176 
3 6 176 
3 7 176 
4 0 64 
4 1 32 
4 2 32 
4 3 32 
4 4 32 
4 5 0 
4 6 0 
4 7 0 
5 0 176 
5 1 32 
5 2 112 
5 3 32 
5 4 32 
5 5 176 
5 6 176 
5 7 176 
6 0 176 
6 1 176 
6 2 32 
6 3 32 
6 4 32 
6 5 176 
6 6 176 
6 7 176 
7 0 176 
7 1 176 
7 2 176 
7 3 176 
7 4 32 
7 5 176 
7 6 176 
7 7 176 
8 0 176 
8 1 176 
8 2 176 
8 3 176 
8 4 176 
8 5 176 
8 6 176 
8 7 176 
