0 0 0 
0 1 0 
0 2 64 
0 3 64 
0 4 0 
0 5 0 
0 6 0 
0 7 0 
0 8 0 
1 0 0 
1 1 64 
1 2 64 
1 3 64 
1 4 64 
1 5 0 
1 6 0 
1 7 0 
1 8 0 
2 0 64 
2 1 64 
2 2 64 
2 3 64 
2 4 64 
2 5 64 
2 6 0 
2 7 0 
2 8 0 
3 0 64 
3 1 64 
3 2 64 
3 3 64 
3 4 64 
3 5 64 
3 6 64 
3 7 0 
3 8 0 
4 0 64 
4 1 64 
4 2 64 
4 3 64 
4 4 64 
4 5 64 
4 6 64 
4 7 64 
4 8 0 
5 0 0 
5 1 64 
5 2 64 
5 3 64 
5 4 64 
5 5 64 
5 6 64 
5 7 64 
5 8 64 
6 0 64 
6 1 64 
6 2 64 
6 3 64 
6 4 64 
6 5 64 
6 6 64 
6 7 64 
6 8 0 
7 0 64 
7 1 64 
7 2 64 
7 3 64 
7 4 64 
7 5 64 
7 6 64 
7 7 0 
7 8 0 
8 0 64 
8 1 64 
8 2 64 
8 3 64 
8 4 64 
8 5 64 
8 6 0 
8 7 0 
8 8 0 
9 0 0 
9 1 64 
9 2 64 
9 3 64 
9 4 64 
9 5 0 
9 6 0 
9 7 0 
9 8 0 
10 0 0 
10 1 0 
10 2 64 
10 3 64 
10 4 0 
10 5 0 
10 6 0 
10 7 0 
10 8 0 
